# 2
#     -182.5         5        72  1
#     -182.5         5        72  1

 -180 -180  2.24908
 -180 -175  2.29582
 -180 -170  2.38295
 -180 -165  2.50473
 -180 -160  2.67731
 -180 -155  2.87672
 -180 -150  3.08571
 -180 -145  3.26571
 -180 -140  3.4972
 -180 -135  3.70267
 -180 -130  3.88512
 -180 -125  4.09956
 -180 -120  4.25117
 -180 -115  4.41221
 -180 -110  4.55097
 -180 -105  4.66235
 -180 -100  4.76862
 -180 -95  4.9024
 -180 -90  5.02607
 -180 -85  5.12936
 -180 -80  5.25275
 -180 -75  5.35759
 -180 -70  5.46374
 -180 -65  5.62573
 -180 -60  5.79081
 -180 -55  6.0144
 -180 -50  6.34641
 -180 -45  6.72899
 -180 -40  7.1571
 -180 -35  7.70573
 -180 -30  8.30191
 -180 -25  8.97677
 -180 -20  9.60923
 -180 -15  10.2878
 -180 -10  10.8473
 -180 -5  11.3181
 -180 0  11.5166
 -180 5  11.5422
 -180 10  11.428
 -180 15  11.1879
 -180 20  10.8606
 -180 25  10.5213
 -180 30  10.1452
 -180 35  9.83445
 -180 40  9.55155
 -180 45  9.2991
 -180 50  9.0767
 -180 55  8.91502
 -180 60  8.73005
 -180 65  8.54321
 -180 70  8.40151
 -180 75  8.23342
 -180 80  8.02105
 -180 85  7.83064
 -180 90  7.58904
 -180 95  7.30995
 -180 100  7.03241
 -180 105  6.73658
 -180 110  6.35068
 -180 115  5.98324
 -180 120  5.62039
 -180 125  5.23747
 -180 130  4.8382
 -180 135  4.42124
 -180 140  3.99414
 -180 145  3.6178
 -180 150  3.27108
 -180 155  2.95822
 -180 160  2.72178
 -180 165  2.50563
 -180 170  2.34443
 -180 175  2.26991

 -175 -180  1.71169
 -175 -175  1.76084
 -175 -170  1.85869
 -175 -165  1.99807
 -175 -160  2.18651
 -175 -155  2.40496
 -175 -150  2.63111
 -175 -145  2.7998
 -175 -140  3.04333
 -175 -135  3.26551
 -175 -130  3.45846
 -175 -125  3.65841
 -175 -120  3.8214
 -175 -115  3.98312
 -175 -110  4.14212
 -175 -105  4.28388
 -175 -100  4.3907
 -175 -95  4.52635
 -175 -90  4.62141
 -175 -85  4.69513
 -175 -80  4.81118
 -175 -75  4.91631
 -175 -70  5.03575
 -175 -65  5.19229
 -175 -60  5.35253
 -175 -55  5.62279
 -175 -50  5.94138
 -175 -45  6.34296
 -175 -40  6.80183
 -175 -35  7.341
 -175 -30  7.93403
 -175 -25  8.5818
 -175 -20  9.19417
 -175 -15  9.79564
 -175 -10  10.2796
 -175 -5  10.6495
 -175 0  10.7581
 -175 5  10.686
 -175 10  10.5011
 -175 15  10.2238
 -175 20  9.86964
 -175 25  9.55836
 -175 30  9.22528
 -175 35  8.95207
 -175 40  8.72194
 -175 45  8.49225
 -175 50  8.25071
 -175 55  8.10845
 -175 60  7.9343
 -175 65  7.74867
 -175 70  7.6019
 -175 75  7.4376
 -175 80  7.2175
 -175 85  7.05752
 -175 90  6.8154
 -175 95  6.53677
 -175 100  6.25272
 -175 105  5.96831
 -175 110  5.58512
 -175 115  5.22113
 -175 120  4.85512
 -175 125  4.47374
 -175 130  4.10245
 -175 135  3.73888
 -175 140  3.3615
 -175 145  2.95606
 -175 150  2.64837
 -175 155  2.32612
 -175 160  2.07856
 -175 165  1.88931
 -175 170  1.76014
 -175 175  1.70783

 -170 -180  1.26915
 -170 -175  1.34837
 -170 -170  1.48
 -170 -165  1.62665
 -170 -160  1.82785
 -170 -155  2.04475
 -170 -150  2.27217
 -170 -145  2.46403
 -170 -140  2.70553
 -170 -135  2.90198
 -170 -130  3.08482
 -170 -125  3.28663
 -170 -120  3.45675
 -170 -115  3.61562
 -170 -110  3.773
 -170 -105  3.93092
 -170 -100  4.01384
 -170 -95  4.13568
 -170 -90  4.23281
 -170 -85  4.30881
 -170 -80  4.41951
 -170 -75  4.53951
 -170 -70  4.70256
 -170 -65  4.86384
 -170 -60  5.01423
 -170 -55  5.31123
 -170 -50  5.60915
 -170 -45  5.9906
 -170 -40  6.48853
 -170 -35  6.99953
 -170 -30  7.61715
 -170 -25  8.23929
 -170 -20  8.83004
 -170 -15  9.35817
 -170 -10  9.76304
 -170 -5  10.0035
 -170 0  10.039
 -170 5  9.88634
 -170 10  9.66016
 -170 15  9.38759
 -170 20  9.04511
 -170 25  8.75961
 -170 30  8.42774
 -170 35  8.14471
 -170 40  7.9347
 -170 45  7.7225
 -170 50  7.50788
 -170 55  7.37951
 -170 60  7.19251
 -170 65  7.01237
 -170 70  6.87842
 -170 75  6.72611
 -170 80  6.50579
 -170 85  6.35186
 -170 90  6.10011
 -170 95  5.81861
 -170 100  5.5244
 -170 105  5.27487
 -170 110  4.93719
 -170 115  4.58457
 -170 120  4.21102
 -170 125  3.84699
 -170 130  3.45946
 -170 135  3.08219
 -170 140  2.73385
 -170 145  2.35405
 -170 150  2.08873
 -170 155  1.78895
 -170 160  1.56061
 -170 165  1.41396
 -170 170  1.30626
 -170 175  1.25133

 -165 -180  0.925121
 -165 -175  1.03575
 -165 -170  1.19271
 -165 -165  1.37872
 -165 -160  1.57127
 -165 -155  1.77973
 -165 -150  1.97839
 -165 -145  2.18856
 -165 -140  2.43835
 -165 -135  2.63449
 -165 -130  2.83741
 -165 -125  3.03191
 -165 -120  3.19635
 -165 -115  3.35685
 -165 -110  3.50219
 -165 -105  3.63816
 -165 -100  3.7024
 -165 -95  3.83794
 -165 -90  3.97097
 -165 -85  4.06806
 -165 -80  4.16806
 -165 -75  4.26073
 -165 -70  4.41631
 -165 -65  4.56995
 -165 -60  4.74817
 -165 -55  5.07322
 -165 -50  5.39103
 -165 -45  5.78243
 -165 -40  6.28973
 -165 -35  6.77606
 -165 -30  7.40544
 -165 -25  7.99144
 -165 -20  8.53229
 -165 -15  8.97981
 -165 -10  9.29269
 -165 -5  9.40871
 -165 0  9.35721
 -165 5  9.13285
 -165 10  8.89008
 -165 15  8.62044
 -165 20  8.30479
 -165 25  8.04207
 -165 30  7.72151
 -165 35  7.46352
 -165 40  7.27145
 -165 45  7.09583
 -165 50  6.90288
 -165 55  6.74508
 -165 60  6.56495
 -165 65  6.41194
 -165 70  6.25352
 -165 75  6.09245
 -165 80  5.88174
 -165 85  5.7069
 -165 90  5.48989
 -165 95  5.2342
 -165 100  4.94783
 -165 105  4.68005
 -165 110  4.37759
 -165 115  4.03177
 -165 120  3.66471
 -165 125  3.35667
 -165 130  2.96875
 -165 135  2.57542
 -165 140  2.24999
 -165 145  1.90687
 -165 150  1.64424
 -165 155  1.39234
 -165 160  1.17617
 -165 165  1.0479
 -165 170  0.978579
 -165 175  0.904809

 -160 -180  0.780273
 -160 -175  0.885273
 -160 -170  1.04578
 -160 -165  1.24365
 -160 -160  1.40123
 -160 -155  1.62302
 -160 -150  1.81559
 -160 -145  2.02711
 -160 -140  2.26873
 -160 -135  2.471
 -160 -130  2.68927
 -160 -125  2.88462
 -160 -120  3.01611
 -160 -115  3.18759
 -160 -110  3.34824
 -160 -105  3.47973
 -160 -100  3.55964
 -160 -95  3.68297
 -160 -90  3.78358
 -160 -85  3.87569
 -160 -80  3.99216
 -160 -75  4.09974
 -160 -70  4.26072
 -160 -65  4.43342
 -160 -60  4.65066
 -160 -55  4.95187
 -160 -50  5.25583
 -160 -45  5.65055
 -160 -40  6.15218
 -160 -35  6.64732
 -160 -30  7.25443
 -160 -25  7.77644
 -160 -20  8.24229
 -160 -15  8.60815
 -160 -10  8.80982
 -160 -5  8.84053
 -160 0  8.74653
 -160 5  8.5167
 -160 10  8.27614
 -160 15  7.99333
 -160 20  7.66821
 -160 25  7.41343
 -160 30  7.13005
 -160 35  6.90143
 -160 40  6.69659
 -160 45  6.53629
 -160 50  6.33703
 -160 55  6.17201
 -160 60  6.01429
 -160 65  5.87298
 -160 70  5.71998
 -160 75  5.56418
 -160 80  5.37177
 -160 85  5.17188
 -160 90  4.92757
 -160 95  4.71245
 -160 100  4.46584
 -160 105  4.18334
 -160 110  3.89076
 -160 115  3.56351
 -160 120  3.20622
 -160 125  2.91455
 -160 130  2.54437
 -160 135  2.20106
 -160 140  1.90808
 -160 145  1.57503
 -160 150  1.31471
 -160 155  1.09761
 -160 160  0.920649
 -160 165  0.800231
 -160 170  0.776195
 -160 175  0.735643

 -155 -180  0.699192
 -155 -175  0.786922
 -155 -170  0.954786
 -155 -165  1.18065
 -155 -160  1.3694
 -155 -155  1.62611
 -155 -150  1.83721
 -155 -145  2.00577
 -155 -140  2.23526
 -155 -135  2.43306
 -155 -130  2.62418
 -155 -125  2.79674
 -155 -120  2.94528
 -155 -115  3.11146
 -155 -110  3.24108
 -155 -105  3.35946
 -155 -100  3.47649
 -155 -95  3.59841
 -155 -90  3.71221
 -155 -85  3.78956
 -155 -80  3.90393
 -155 -75  4.02574
 -155 -70  4.18207
 -155 -65  4.36358
 -155 -60  4.57063
 -155 -55  4.85055
 -155 -50  5.18134
 -155 -45  5.58152
 -155 -40  6.07238
 -155 -35  6.5695
 -155 -30  7.11545
 -155 -25  7.579
 -155 -20  7.97022
 -155 -15  8.24171
 -155 -10  8.36239
 -155 -5  8.33236
 -155 0  8.18415
 -155 5  7.94802
 -155 10  7.70198
 -155 15  7.4385
 -155 20  7.15632
 -155 25  6.90701
 -155 30  6.63239
 -155 35  6.42578
 -155 40  6.2311
 -155 45  6.06722
 -155 50  5.88927
 -155 55  5.73761
 -155 60  5.57173
 -155 65  5.41628
 -155 70  5.29805
 -155 75  5.13119
 -155 80  4.95764
 -155 85  4.77621
 -155 90  4.5075
 -155 95  4.29175
 -155 100  4.03472
 -155 105  3.75555
 -155 110  3.50979
 -155 115  3.20992
 -155 120  2.84474
 -155 125  2.56141
 -155 130  2.21003
 -155 135  1.89144
 -155 140  1.61828
 -155 145  1.33194
 -155 150  1.09149
 -155 155  0.904487
 -155 160  0.764218
 -155 165  0.659866
 -155 170  0.631206
 -155 175  0.623543

 -150 -180  0.701403
 -150 -175  0.805281
 -150 -170  0.978417
 -150 -165  1.20528
 -150 -160  1.3968
 -150 -155  1.62757
 -150 -150  1.86225
 -150 -145  2.02739
 -150 -140  2.26872
 -150 -135  2.4636
 -150 -130  2.65912
 -150 -125  2.82997
 -150 -120  3.00306
 -150 -115  3.1582
 -150 -110  3.27082
 -150 -105  3.3509
 -150 -100  3.4783
 -150 -95  3.57531
 -150 -90  3.68741
 -150 -85  3.79084
 -150 -80  3.92155
 -150 -75  4.0431
 -150 -70  4.1726
 -150 -65  4.35441
 -150 -60  4.55612
 -150 -55  4.83672
 -150 -50  5.18513
 -150 -45  5.57104
 -150 -40  6.03377
 -150 -35  6.5277
 -150 -30  7.02425
 -150 -25  7.43857
 -150 -20  7.75996
 -150 -15  7.91322
 -150 -10  7.95915
 -150 -5  7.88388
 -150 0  7.71914
 -150 5  7.5086
 -150 10  7.255
 -150 15  6.95932
 -150 20  6.68747
 -150 25  6.45462
 -150 30  6.2116
 -150 35  6.01726
 -150 40  5.83745
 -150 45  5.6633
 -150 50  5.50357
 -150 55  5.33568
 -150 60  5.18377
 -150 65  5.0277
 -150 70  4.9048
 -150 75  4.72864
 -150 80  4.55294
 -150 85  4.37272
 -150 90  4.1394
 -150 95  3.9516
 -150 100  3.71726
 -150 105  3.44659
 -150 110  3.19503
 -150 115  2.90953
 -150 120  2.57068
 -150 125  2.29911
 -150 130  1.97678
 -150 135  1.70137
 -150 140  1.44979
 -150 145  1.2038
 -150 150  0.979846
 -150 155  0.791334
 -150 160  0.648747
 -150 165  0.578296
 -150 170  0.547115
 -150 175  0.590718

 -145 -180  0.788129
 -145 -175  0.920784
 -145 -170  1.08855
 -145 -165  1.3053
 -145 -160  1.52515
 -145 -155  1.73362
 -145 -150  1.97565
 -145 -145  2.15711
 -145 -140  2.39105
 -145 -135  2.56504
 -145 -130  2.74463
 -145 -125  2.92352
 -145 -120  3.07049
 -145 -115  3.20964
 -145 -110  3.34215
 -145 -105  3.42182
 -145 -100  3.55361
 -145 -95  3.63663
 -145 -90  3.73139
 -145 -85  3.83125
 -145 -80  3.93793
 -145 -75  4.07531
 -145 -70  4.21481
 -145 -65  4.41277
 -145 -60  4.61775
 -145 -55  4.9047
 -145 -50  5.24529
 -145 -45  5.6368
 -145 -40  6.07044
 -145 -35  6.49467
 -145 -30  6.93621
 -145 -25  7.26651
 -145 -20  7.48767
 -145 -15  7.55739
 -145 -10  7.56057
 -145 -5  7.44413
 -145 0  7.24857
 -145 5  7.07373
 -145 10  6.82572
 -145 15  6.53001
 -145 20  6.2918
 -145 25  6.05876
 -145 30  5.82842
 -145 35  5.64049
 -145 40  5.46109
 -145 45  5.27793
 -145 50  5.13516
 -145 55  4.9806
 -145 60  4.82432
 -145 65  4.66777
 -145 70  4.55992
 -145 75  4.38595
 -145 80  4.20248
 -145 85  4.03199
 -145 90  3.78954
 -145 95  3.60101
 -145 100  3.39338
 -145 105  3.12838
 -145 110  2.89276
 -145 115  2.65542
 -145 120  2.3663
 -145 125  2.103
 -145 130  1.7984
 -145 135  1.54941
 -145 140  1.31291
 -145 145  1.07406
 -145 150  0.9084
 -145 155  0.764759
 -145 160  0.639573
 -145 165  0.58437
 -145 170  0.575452
 -145 175  0.642311

 -140 -180  0.912851
 -140 -175  1.04486
 -140 -170  1.25326
 -140 -165  1.48859
 -140 -160  1.71052
 -140 -155  1.91924
 -140 -150  2.15305
 -140 -145  2.34323
 -140 -140  2.55299
 -140 -135  2.72105
 -140 -130  2.88386
 -140 -125  3.06925
 -140 -120  3.17558
 -140 -115  3.28173
 -140 -110  3.42212
 -140 -105  3.52021
 -140 -100  3.64832
 -140 -95  3.7272
 -140 -90  3.82573
 -140 -85  3.9298
 -140 -80  4.05576
 -140 -75  4.16615
 -140 -70  4.27956
 -140 -65  4.48027
 -140 -60  4.69333
 -140 -55  4.97204
 -140 -50  5.29249
 -140 -45  5.6459
 -140 -40  6.06677
 -140 -35  6.44438
 -140 -30  6.81446
 -140 -25  7.05177
 -140 -20  7.18746
 -140 -15  7.21801
 -140 -10  7.18818
 -140 -5  7.06598
 -140 0  6.85941
 -140 5  6.6669
 -140 10  6.41975
 -140 15  6.15048
 -140 20  5.92591
 -140 25  5.71717
 -140 30  5.50474
 -140 35  5.31455
 -140 40  5.1291
 -140 45  4.96906
 -140 50  4.80137
 -140 55  4.63227
 -140 60  4.49687
 -140 65  4.35431
 -140 70  4.22795
 -140 75  4.04007
 -140 80  3.8633
 -140 85  3.73503
 -140 90  3.53173
 -140 95  3.34618
 -140 100  3.13678
 -140 105  2.89305
 -140 110  2.67671
 -140 115  2.43967
 -140 120  2.17484
 -140 125  1.92458
 -140 130  1.67047
 -140 135  1.45265
 -140 140  1.2518
 -140 145  1.03205
 -140 150  0.885119
 -140 155  0.787338
 -140 160  0.700164
 -140 165  0.679404
 -140 170  0.705669
 -140 175  0.780185

 -135 -180  1.06794
 -135 -175  1.2179
 -135 -170  1.44535
 -135 -165  1.66814
 -135 -160  1.88918
 -135 -155  2.08091
 -135 -150  2.29505
 -135 -145  2.49892
 -135 -140  2.6936
 -135 -135  2.8584
 -135 -130  2.99592
 -135 -125  3.1887
 -135 -120  3.30621
 -135 -115  3.41731
 -135 -110  3.55498
 -135 -105  3.63071
 -135 -100  3.7408
 -135 -95  3.83581
 -135 -90  3.94432
 -135 -85  4.03598
 -135 -80  4.15591
 -135 -75  4.25365
 -135 -70  4.37668
 -135 -65  4.58136
 -135 -60  4.79069
 -135 -55  5.05043
 -135 -50  5.34855
 -135 -45  5.65515
 -135 -40  6.01887
 -135 -35  6.31546
 -135 -30  6.58928
 -135 -25  6.79056
 -135 -20  6.87536
 -135 -15  6.84836
 -135 -10  6.78848
 -135 -5  6.65734
 -135 0  6.4598
 -135 5  6.28277
 -135 10  6.04515
 -135 15  5.79957
 -135 20  5.57
 -135 25  5.36716
 -135 30  5.16513
 -135 35  4.99899
 -135 40  4.81242
 -135 45  4.66486
 -135 50  4.48708
 -135 55  4.30954
 -135 60  4.17964
 -135 65  4.02049
 -135 70  3.8782
 -135 75  3.7124
 -135 80  3.54542
 -135 85  3.41187
 -135 90  3.22169
 -135 95  3.06546
 -135 100  2.886
 -135 105  2.67448
 -135 110  2.44825
 -135 115  2.2242
 -135 120  2.01927
 -135 125  1.79186
 -135 130  1.57966
 -135 135  1.40141
 -135 140  1.23166
 -135 145  1.05075
 -135 150  0.903156
 -135 155  0.830634
 -135 160  0.761542
 -135 165  0.765
 -135 170  0.807449
 -135 175  0.910821

 -130 -180  1.24204
 -130 -175  1.41438
 -130 -170  1.62972
 -130 -165  1.8411
 -130 -160  2.08771
 -130 -155  2.28284
 -130 -150  2.50059
 -130 -145  2.7194
 -130 -140  2.89169
 -130 -135  3.06559
 -130 -130  3.20794
 -130 -125  3.38648
 -130 -120  3.48353
 -130 -115  3.57972
 -130 -110  3.68153
 -130 -105  3.74436
 -130 -100  3.84719
 -130 -95  3.95518
 -130 -90  4.04516
 -130 -85  4.12369
 -130 -80  4.25432
 -130 -75  4.34576
 -130 -70  4.44434
 -130 -65  4.61682
 -130 -60  4.80213
 -130 -55  5.05019
 -130 -50  5.32875
 -130 -45  5.6385
 -130 -40  5.94073
 -130 -35  6.17739
 -130 -30  6.36855
 -130 -25  6.50053
 -130 -20  6.5432
 -130 -15  6.50399
 -130 -10  6.4305
 -130 -5  6.26264
 -130 0  6.07037
 -130 5  5.90694
 -130 10  5.69031
 -130 15  5.45027
 -130 20  5.25728
 -130 25  5.04718
 -130 30  4.82355
 -130 35  4.66962
 -130 40  4.48558
 -130 45  4.30205
 -130 50  4.13974
 -130 55  3.96722
 -130 60  3.81985
 -130 65  3.67693
 -130 70  3.5298
 -130 75  3.3618
 -130 80  3.2184
 -130 85  3.08803
 -130 90  2.90778
 -130 95  2.76588
 -130 100  2.59774
 -130 105  2.43953
 -130 110  2.26499
 -130 115  2.08274
 -130 120  1.89738
 -130 125  1.68729
 -130 130  1.49981
 -130 135  1.34249
 -130 140  1.17823
 -130 145  1.05607
 -130 150  0.939532
 -130 155  0.886056
 -130 160  0.865231
 -130 165  0.875028
 -130 170  0.952525
 -130 175  1.07794

 -125 -180  1.40432
 -125 -175  1.59993
 -125 -170  1.79877
 -125 -165  2.03131
 -125 -160  2.29286
 -125 -155  2.46645
 -125 -150  2.67516
 -125 -145  2.90296
 -125 -140  3.05376
 -125 -135  3.2368
 -125 -130  3.37609
 -125 -125  3.52951
 -125 -120  3.61134
 -125 -115  3.7347
 -125 -110  3.83782
 -125 -105  3.91545
 -125 -100  3.98436
 -125 -95  4.05176
 -125 -90  4.12871
 -125 -85  4.20303
 -125 -80  4.33219
 -125 -75  4.40953
 -125 -70  4.51577
 -125 -65  4.68623
 -125 -60  4.86299
 -125 -55  5.08913
 -125 -50  5.29143
 -125 -45  5.53702
 -125 -40  5.77447
 -125 -35  5.97119
 -125 -30  6.11183
 -125 -25  6.1966
 -125 -20  6.18665
 -125 -15  6.12458
 -125 -10  6.00651
 -125 -5  5.8219
 -125 0  5.67218
 -125 5  5.52217
 -125 10  5.33671
 -125 15  5.12443
 -125 20  4.94595
 -125 25  4.73475
 -125 30  4.5185
 -125 35  4.34978
 -125 40  4.1523
 -125 45  3.95059
 -125 50  3.79595
 -125 55  3.61062
 -125 60  3.42548
 -125 65  3.27534
 -125 70  3.1314
 -125 75  2.97497
 -125 80  2.84938
 -125 85  2.73369
 -125 90  2.59406
 -125 95  2.51537
 -125 100  2.36089
 -125 105  2.21791
 -125 110  2.06187
 -125 115  1.91756
 -125 120  1.76939
 -125 125  1.58814
 -125 130  1.43072
 -125 135  1.32241
 -125 140  1.16682
 -125 145  1.10053
 -125 150  1.02118
 -125 155  0.972692
 -125 160  0.976838
 -125 165  0.984093
 -125 170  1.0617
 -125 175  1.22078

 -120 -180  1.53679
 -120 -175  1.73678
 -120 -170  1.94696
 -120 -165  2.20212
 -120 -160  2.46882
 -120 -155  2.66285
 -120 -150  2.85025
 -120 -145  3.0491
 -120 -140  3.2029
 -120 -135  3.38729
 -120 -130  3.51557
 -120 -125  3.6508
 -120 -120  3.74623
 -120 -115  3.86756
 -120 -110  3.94037
 -120 -105  4.01116
 -120 -100  4.10959
 -120 -95  4.16754
 -120 -90  4.23059
 -120 -85  4.29086
 -120 -80  4.39188
 -120 -75  4.46425
 -120 -70  4.57786
 -120 -65  4.71588
 -120 -60  4.83718
 -120 -55  5.03304
 -120 -50  5.20007
 -120 -45  5.41552
 -120 -40  5.58468
 -120 -35  5.72589
 -120 -30  5.83423
 -120 -25  5.8841
 -120 -20  5.82567
 -120 -15  5.77074
 -120 -10  5.62641
 -120 -5  5.43792
 -120 0  5.29206
 -120 5  5.15625
 -120 10  4.98893
 -120 15  4.77712
 -120 20  4.57571
 -120 25  4.37774
 -120 30  4.20225
 -120 35  4.00629
 -120 40  3.77667
 -120 45  3.56926
 -120 50  3.3951
 -120 55  3.2201
 -120 60  3.02689
 -120 65  2.88377
 -120 70  2.71553
 -120 75  2.56859
 -120 80  2.47411
 -120 85  2.38123
 -120 90  2.27201
 -120 95  2.19888
 -120 100  2.07797
 -120 105  1.96782
 -120 110  1.84821
 -120 115  1.75052
 -120 120  1.63499
 -120 125  1.48683
 -120 130  1.34872
 -120 135  1.267
 -120 140  1.15246
 -120 145  1.07957
 -120 150  1.03285
 -120 155  1.04964
 -120 160  1.10174
 -120 165  1.14876
 -120 170  1.2141
 -120 175  1.36683

 -115 -180  1.70368
 -115 -175  1.92174
 -115 -170  2.1349
 -115 -165  2.36862
 -115 -160  2.62762
 -115 -155  2.84403
 -115 -150  3.0328
 -115 -145  3.22547
 -115 -140  3.39255
 -115 -135  3.55054
 -115 -130  3.66291
 -115 -125  3.78502
 -115 -120  3.89877
 -115 -115  4.01076
 -115 -110  4.08599
 -115 -105  4.13723
 -115 -100  4.23869
 -115 -95  4.29214
 -115 -90  4.31796
 -115 -85  4.37647
 -115 -80  4.45227
 -115 -75  4.50425
 -115 -70  4.59921
 -115 -65  4.6999
 -115 -60  4.78013
 -115 -55  4.91906
 -115 -50  5.04613
 -115 -45  5.23213
 -115 -40  5.3437
 -115 -35  5.4304
 -115 -30  5.5116
 -115 -25  5.51707
 -115 -20  5.42398
 -115 -15  5.3408
 -115 -10  5.19616
 -115 -5  5.02394
 -115 0  4.90656
 -115 5  4.79823
 -115 10  4.62245
 -115 15  4.41442
 -115 20  4.2465
 -115 25  4.04706
 -115 30  3.85309
 -115 35  3.65291
 -115 40  3.43706
 -115 45  3.22283
 -115 50  3.0175
 -115 55  2.82412
 -115 60  2.61344
 -115 65  2.45791
 -115 70  2.29359
 -115 75  2.15984
 -115 80  2.10747
 -115 85  2.02044
 -115 90  1.94738
 -115 95  1.87007
 -115 100  1.78813
 -115 105  1.71887
 -115 110  1.64327
 -115 115  1.58042
 -115 120  1.5107
 -115 125  1.39441
 -115 130  1.30061
 -115 135  1.23847
 -115 140  1.16566
 -115 145  1.11863
 -115 150  1.07979
 -115 155  1.10691
 -115 160  1.1693
 -115 165  1.24731
 -115 170  1.34775
 -115 175  1.52077

 -110 -180  1.80065
 -110 -175  2.04242
 -110 -170  2.27069
 -110 -165  2.50791
 -110 -160  2.77212
 -110 -155  2.98908
 -110 -150  3.17658
 -110 -145  3.37104
 -110 -140  3.56109
 -110 -135  3.69802
 -110 -130  3.82221
 -110 -125  3.93803
 -110 -120  4.04565
 -110 -115  4.14693
 -110 -110  4.20804
 -110 -105  4.24103
 -110 -100  4.32497
 -110 -95  4.38296
 -110 -90  4.3828
 -110 -85  4.42578
 -110 -80  4.48156
 -110 -75  4.51672
 -110 -70  4.58617
 -110 -65  4.63331
 -110 -60  4.71038
 -110 -55  4.81526
 -110 -50  4.90526
 -110 -45  5.01403
 -110 -40  5.07733
 -110 -35  5.10684
 -110 -30  5.15262
 -110 -25  5.13144
 -110 -20  5.0679
 -110 -15  4.98404
 -110 -10  4.86185
 -110 -5  4.68592
 -110 0  4.52986
 -110 5  4.41246
 -110 10  4.27664
 -110 15  4.1085
 -110 20  3.94371
 -110 25  3.75147
 -110 30  3.53834
 -110 35  3.30903
 -110 40  3.0621
 -110 45  2.81327
 -110 50  2.56742
 -110 55  2.34781
 -110 60  2.15241
 -110 65  1.95952
 -110 70  1.83794
 -110 75  1.7227
 -110 80  1.67883
 -110 85  1.60198
 -110 90  1.57559
 -110 95  1.56061
 -110 100  1.52831
 -110 105  1.47007
 -110 110  1.4444
 -110 115  1.39704
 -110 120  1.33589
 -110 125  1.27245
 -110 130  1.22886
 -110 135  1.17542
 -110 140  1.17058
 -110 145  1.16131
 -110 150  1.14276
 -110 155  1.17395
 -110 160  1.23632
 -110 165  1.31439
 -110 170  1.43146
 -110 175  1.63631

 -105 -180  1.95612
 -105 -175  2.2026
 -105 -170  2.41365
 -105 -165  2.66884
 -105 -160  2.92621
 -105 -155  3.13489
 -105 -150  3.36187
 -105 -145  3.55179
 -105 -140  3.71837
 -105 -135  3.84541
 -105 -130  3.99203
 -105 -125  4.12971
 -105 -120  4.21275
 -105 -115  4.28699
 -105 -110  4.36917
 -105 -105  4.38745
 -105 -100  4.44774
 -105 -95  4.48926
 -105 -90  4.49464
 -105 -85  4.52062
 -105 -80  4.55626
 -105 -75  4.55299
 -105 -70  4.55323
 -105 -65  4.57841
 -105 -60  4.63628
 -105 -55  4.69978
 -105 -50  4.74885
 -105 -45  4.78959
 -105 -40  4.81207
 -105 -35  4.81155
 -105 -30  4.82027
 -105 -25  4.77998
 -105 -20  4.73618
 -105 -15  4.61092
 -105 -10  4.50105
 -105 -5  4.37449
 -105 0  4.22654
 -105 5  4.09147
 -105 10  3.95089
 -105 15  3.78871
 -105 20  3.6144
 -105 25  3.41629
 -105 30  3.19042
 -105 35  2.92985
 -105 40  2.64606
 -105 45  2.38267
 -105 50  2.10135
 -105 55  1.85332
 -105 60  1.67294
 -105 65  1.48178
 -105 70  1.37197
 -105 75  1.26318
 -105 80  1.23275
 -105 85  1.20972
 -105 90  1.22161
 -105 95  1.22931
 -105 100  1.23325
 -105 105  1.23321
 -105 110  1.24732
 -105 115  1.24582
 -105 120  1.22344
 -105 125  1.20096
 -105 130  1.20016
 -105 135  1.15925
 -105 140  1.16287
 -105 145  1.14216
 -105 150  1.17531
 -105 155  1.24107
 -105 160  1.32143
 -105 165  1.42849
 -105 170  1.56286
 -105 175  1.77814

 -100 -180  2.12102
 -100 -175  2.35937
 -100 -170  2.60773
 -100 -165  2.85156
 -100 -160  3.09756
 -100 -155  3.32817
 -100 -150  3.59293
 -100 -145  3.7642
 -100 -140  3.91524
 -100 -135  4.04872
 -100 -130  4.1932
 -100 -125  4.32739
 -100 -120  4.4053
 -100 -115  4.469
 -100 -110  4.52132
 -100 -105  4.56717
 -100 -100  4.62349
 -100 -95  4.64275
 -100 -90  4.62736
 -100 -85  4.60183
 -100 -80  4.58931
 -100 -75  4.57222
 -100 -70  4.51928
 -100 -65  4.53118
 -100 -60  4.54647
 -100 -55  4.54802
 -100 -50  4.54385
 -100 -45  4.54788
 -100 -40  4.554
 -100 -35  4.51564
 -100 -30  4.4798
 -100 -25  4.39871
 -100 -20  4.37751
 -100 -15  4.2554
 -100 -10  4.13409
 -100 -5  4.05359
 -100 0  3.92188
 -100 5  3.7897
 -100 10  3.6874
 -100 15  3.5207
 -100 20  3.32336
 -100 25  3.13953
 -100 30  2.88589
 -100 35  2.60613
 -100 40  2.30204
 -100 45  2.01652
 -100 50  1.69663
 -100 55  1.39181
 -100 60  1.19036
 -100 65  1.0063
 -100 70  0.90408
 -100 75  0.823978
 -100 80  0.800548
 -100 85  0.827601
 -100 90  0.877124
 -100 95  0.946777
 -100 100  0.989871
 -100 105  1.02927
 -100 110  1.06407
 -100 115  1.11407
 -100 120  1.10269
 -100 125  1.1232
 -100 130  1.15489
 -100 135  1.14933
 -100 140  1.1628
 -100 145  1.15955
 -100 150  1.20401
 -100 155  1.28405
 -100 160  1.37393
 -100 165  1.51735
 -100 170  1.69991
 -100 175  1.92925

 -95 -180  2.24504
 -95 -175  2.49674
 -95 -170  2.77989
 -95 -165  3.04529
 -95 -160  3.31066
 -95 -155  3.56017
 -95 -150  3.82231
 -95 -145  4.00859
 -95 -140  4.19252
 -95 -135  4.32873
 -95 -130  4.4317
 -95 -125  4.553
 -95 -120  4.61673
 -95 -115  4.69131
 -95 -110  4.72718
 -95 -105  4.75808
 -95 -100  4.7585
 -95 -95  4.76575
 -95 -90  4.7451
 -95 -85  4.68813
 -95 -80  4.65026
 -95 -75  4.62383
 -95 -70  4.52868
 -95 -65  4.48657
 -95 -60  4.43702
 -95 -55  4.40262
 -95 -50  4.35856
 -95 -45  4.31578
 -95 -40  4.28223
 -95 -35  4.2453
 -95 -30  4.20038
 -95 -25  4.11171
 -95 -20  4.07285
 -95 -15  3.9703
 -95 -10  3.84865
 -95 -5  3.79622
 -95 0  3.68836
 -95 5  3.53856
 -95 10  3.45839
 -95 15  3.32546
 -95 20  3.10512
 -95 25  2.87923
 -95 30  2.57082
 -95 35  2.26804
 -95 40  1.94777
 -95 45  1.62364
 -95 50  1.29534
 -95 55  0.995516
 -95 60  0.771546
 -95 65  0.573578
 -95 70  0.486525
 -95 75  0.423195
 -95 80  0.421807
 -95 85  0.476076
 -95 90  0.572506
 -95 95  0.675815
 -95 100  0.763014
 -95 105  0.849057
 -95 110  0.920006
 -95 115  1.0187
 -95 120  1.04142
 -95 125  1.0826
 -95 130  1.09107
 -95 135  1.10403
 -95 140  1.18523
 -95 145  1.22421
 -95 150  1.29486
 -95 155  1.38502
 -95 160  1.47306
 -95 165  1.64159
 -95 170  1.81901
 -95 175  2.02782

 -90 -180  2.49481
 -90 -175  2.76704
 -90 -170  3.05722
 -90 -165  3.33723
 -90 -160  3.6289
 -90 -155  3.88318
 -90 -150  4.1209
 -90 -145  4.31851
 -90 -140  4.52019
 -90 -135  4.64197
 -90 -130  4.76136
 -90 -125  4.85708
 -90 -120  4.89369
 -90 -115  4.9582
 -90 -110  5.00971
 -90 -105  5.01215
 -90 -100  4.96735
 -90 -95  4.93825
 -90 -90  4.90574
 -90 -85  4.81728
 -90 -80  4.71673
 -90 -75  4.63967
 -90 -70  4.54014
 -90 -65  4.47361
 -90 -60  4.38013
 -90 -55  4.31372
 -90 -50  4.21423
 -90 -45  4.13579
 -90 -40  4.07003
 -90 -35  4.04102
 -90 -30  3.98296
 -90 -25  3.87438
 -90 -20  3.82098
 -90 -15  3.73777
 -90 -10  3.63769
 -90 -5  3.60008
 -90 0  3.54093
 -90 5  3.40356
 -90 10  3.30119
 -90 15  3.1683
 -90 20  2.96674
 -90 25  2.7202
 -90 30  2.37788
 -90 35  2.03422
 -90 40  1.68823
 -90 45  1.3297
 -90 50  0.97343
 -90 55  0.680242
 -90 60  0.444604
 -90 65  0.258866
 -90 70  0.177626
 -90 75  0.122565
 -90 80  0.151642
 -90 85  0.230025
 -90 90  0.369725
 -90 95  0.46697
 -90 100  0.61045
 -90 105  0.737644
 -90 110  0.845213
 -90 115  0.972405
 -90 120  1.04502
 -90 125  1.11588
 -90 130  1.16551
 -90 135  1.19132
 -90 140  1.27361
 -90 145  1.31118
 -90 150  1.41464
 -90 155  1.5264
 -90 160  1.6413
 -90 165  1.81234
 -90 170  2.00993
 -90 175  2.23683

 -85 -180  2.81348
 -85 -175  3.09327
 -85 -170  3.3997
 -85 -165  3.70897
 -85 -160  4.00931
 -85 -155  4.29777
 -85 -150  4.56129
 -85 -145  4.74723
 -85 -140  4.94596
 -85 -135  5.07712
 -85 -130  5.18937
 -85 -125  5.28435
 -85 -120  5.31714
 -85 -115  5.36089
 -85 -110  5.3843
 -85 -105  5.34995
 -85 -100  5.27056
 -85 -95  5.18141
 -85 -90  5.10191
 -85 -85  5.00147
 -85 -80  4.86386
 -85 -75  4.73131
 -85 -70  4.56291
 -85 -65  4.44106
 -85 -60  4.32017
 -85 -55  4.22451
 -85 -50  4.12814
 -85 -45  4.03109
 -85 -40  3.93651
 -85 -35  3.87523
 -85 -30  3.81423
 -85 -25  3.70165
 -85 -20  3.66205
 -85 -15  3.58059
 -85 -10  3.51088
 -85 -5  3.48158
 -85 0  3.43681
 -85 5  3.34677
 -85 10  3.2609
 -85 15  3.08486
 -85 20  2.8548
 -85 25  2.57786
 -85 30  2.24521
 -85 35  1.89542
 -85 40  1.53009
 -85 45  1.14399
 -85 50  0.763786
 -85 55  0.495487
 -85 60  0.258915
 -85 65  0.0889411
 -85 70  0
 -85 75  0.00370824
 -85 80  0.0372161
 -85 85  0.123267
 -85 90  0.268452
 -85 95  0.38731
 -85 100  0.55026
 -85 105  0.690362
 -85 110  0.842221
 -85 115  0.965918
 -85 120  1.05292
 -85 125  1.16614
 -85 130  1.25913
 -85 135  1.31926
 -85 140  1.42412
 -85 145  1.47418
 -85 150  1.5789
 -85 155  1.7047
 -85 160  1.85597
 -85 165  2.0245
 -85 170  2.25499
 -85 175  2.52165

 -80 -180  3.18923
 -80 -175  3.51561
 -80 -170  3.8251
 -80 -165  4.16793
 -80 -160  4.48699
 -80 -155  4.80793
 -80 -150  5.09359
 -80 -145  5.29496
 -80 -140  5.50943
 -80 -135  5.63766
 -80 -130  5.73014
 -80 -125  5.8403
 -80 -120  5.84017
 -80 -115  5.8514
 -80 -110  5.82061
 -80 -105  5.72629
 -80 -100  5.63521
 -80 -95  5.50213
 -80 -90  5.37041
 -80 -85  5.22778
 -80 -80  5.04226
 -80 -75  4.86729
 -80 -70  4.66433
 -80 -65  4.52101
 -80 -60  4.37061
 -80 -55  4.20566
 -80 -50  4.06226
 -80 -45  3.94718
 -80 -40  3.86962
 -80 -35  3.77947
 -80 -30  3.7125
 -80 -25  3.62841
 -80 -20  3.58641
 -80 -15  3.54134
 -80 -10  3.53629
 -80 -5  3.51375
 -80 0  3.44944
 -80 5  3.37301
 -80 10  3.30839
 -80 15  3.12008
 -80 20  2.88089
 -80 25  2.57597
 -80 30  2.2296
 -80 35  1.84848
 -80 40  1.4819
 -80 45  1.1248
 -80 50  0.760051
 -80 55  0.511365
 -80 60  0.275459
 -80 65  0.118227
 -80 70  0.0227246
 -80 75  0.0300899
 -80 80  0.0712548
 -80 85  0.192234
 -80 90  0.330333
 -80 95  0.478652
 -80 100  0.650623
 -80 105  0.798964
 -80 110  0.998286
 -80 115  1.14307
 -80 120  1.20932
 -80 125  1.30719
 -80 130  1.40523
 -80 135  1.48768
 -80 140  1.61195
 -80 145  1.71932
 -80 150  1.85835
 -80 155  1.99444
 -80 160  2.16838
 -80 165  2.3388
 -80 170  2.58871
 -80 175  2.87182

 -75 -180  3.70017
 -75 -175  4.05884
 -75 -170  4.39143
 -75 -165  4.78532
 -75 -160  5.13674
 -75 -155  5.47463
 -75 -150  5.79306
 -75 -145  5.99653
 -75 -140  6.19815
 -75 -135  6.31585
 -75 -130  6.39026
 -75 -125  6.48608
 -75 -120  6.44499
 -75 -115  6.41036
 -75 -110  6.3699
 -75 -105  6.22518
 -75 -100  6.10359
 -75 -95  5.93311
 -75 -90  5.73106
 -75 -85  5.5181
 -75 -80  5.29447
 -75 -75  5.06775
 -75 -70  4.83089
 -75 -65  4.64204
 -75 -60  4.46605
 -75 -55  4.27273
 -75 -50  4.08849
 -75 -45  3.93583
 -75 -40  3.86017
 -75 -35  3.75753
 -75 -30  3.69596
 -75 -25  3.65347
 -75 -20  3.62746
 -75 -15  3.62683
 -75 -10  3.65547
 -75 -5  3.64147
 -75 0  3.6035
 -75 5  3.54084
 -75 10  3.47299
 -75 15  3.27947
 -75 20  3.05207
 -75 25  2.72843
 -75 30  2.38389
 -75 35  2.00997
 -75 40  1.62571
 -75 45  1.25219
 -75 50  0.925485
 -75 55  0.696998
 -75 60  0.45302
 -75 65  0.3015
 -75 70  0.208198
 -75 75  0.212726
 -75 80  0.27426
 -75 85  0.40838
 -75 90  0.545213
 -75 95  0.7037
 -75 100  0.886672
 -75 105  1.04946
 -75 110  1.23893
 -75 115  1.39368
 -75 120  1.48666
 -75 125  1.6112
 -75 130  1.74099
 -75 135  1.82504
 -75 140  1.92502
 -75 145  2.06127
 -75 150  2.24756
 -75 155  2.38668
 -75 160  2.54067
 -75 165  2.76056
 -75 170  3.05879
 -75 175  3.36092

 -70 -180  4.33382
 -70 -175  4.74812
 -70 -170  5.13445
 -70 -165  5.56946
 -70 -160  5.94709
 -70 -155  6.28987
 -70 -150  6.62262
 -70 -145  6.84501
 -70 -140  7.04358
 -70 -135  7.15885
 -70 -130  7.21056
 -70 -125  7.26508
 -70 -120  7.18332
 -70 -115  7.10191
 -70 -110  7.00791
 -70 -105  6.82737
 -70 -100  6.62591
 -70 -95  6.39559
 -70 -90  6.13003
 -70 -85  5.84443
 -70 -80  5.59377
 -70 -75  5.30738
 -70 -70  5.02928
 -70 -65  4.80417
 -70 -60  4.61121
 -70 -55  4.38136
 -70 -50  4.20978
 -70 -45  4.03979
 -70 -40  3.93305
 -70 -35  3.84419
 -70 -30  3.80271
 -70 -25  3.78372
 -70 -20  3.79615
 -70 -15  3.82676
 -70 -10  3.8812
 -70 -5  3.88694
 -70 0  3.87107
 -70 5  3.82677
 -70 10  3.73867
 -70 15  3.52571
 -70 20  3.27995
 -70 25  2.93923
 -70 30  2.63074
 -70 35  2.25015
 -70 40  1.91924
 -70 45  1.57903
 -70 50  1.24635
 -70 55  1.01308
 -70 60  0.803248
 -70 65  0.700832
 -70 70  0.628893
 -70 75  0.631559
 -70 80  0.679274
 -70 85  0.808535
 -70 90  0.936226
 -70 95  1.0956
 -70 100  1.27801
 -70 105  1.44579
 -70 110  1.61626
 -70 115  1.75549
 -70 120  1.86047
 -70 125  1.99842
 -70 130  2.13323
 -70 135  2.2362
 -70 140  2.38126
 -70 145  2.49328
 -70 150  2.66575
 -70 155  2.85337
 -70 160  3.05951
 -70 165  3.33813
 -70 170  3.64325
 -70 175  3.97499

 -65 -180  5.16861
 -65 -175  5.64627
 -65 -170  6.09848
 -65 -165  6.53729
 -65 -160  6.91337
 -65 -155  7.28349
 -65 -150  7.61462
 -65 -145  7.84482
 -65 -140  8.02176
 -65 -135  8.12934
 -65 -130  8.15069
 -65 -125  8.14316
 -65 -120  8.03438
 -65 -115  7.89286
 -65 -110  7.71253
 -65 -105  7.47141
 -65 -100  7.1766
 -65 -95  6.88224
 -65 -90  6.58218
 -65 -85  6.23456
 -65 -80  5.94516
 -65 -75  5.61774
 -65 -70  5.31742
 -65 -65  5.03914
 -65 -60  4.78723
 -65 -55  4.52285
 -65 -50  4.35038
 -65 -45  4.21761
 -65 -40  4.11226
 -65 -35  4.03447
 -65 -30  4.01004
 -65 -25  4.02141
 -65 -20  4.08662
 -65 -15  4.1302
 -65 -10  4.21059
 -65 -5  4.23983
 -65 0  4.24277
 -65 5  4.20672
 -65 10  4.09984
 -65 15  3.88316
 -65 20  3.63767
 -65 25  3.32605
 -65 30  3.05103
 -65 35  2.68184
 -65 40  2.37061
 -65 45  2.05583
 -65 50  1.77158
 -65 55  1.56073
 -65 60  1.36205
 -65 65  1.27133
 -65 70  1.21029
 -65 75  1.20546
 -65 80  1.25464
 -65 85  1.37201
 -65 90  1.49662
 -65 95  1.66365
 -65 100  1.82386
 -65 105  1.97403
 -65 110  2.11729
 -65 115  2.2701
 -65 120  2.39432
 -65 125  2.5115
 -65 130  2.64711
 -65 135  2.78512
 -65 140  2.96759
 -65 145  3.09001
 -65 150  3.29622
 -65 155  3.49231
 -65 160  3.76309
 -65 165  4.08051
 -65 170  4.39112
 -65 175  4.77272

 -60 -180  6.13013
 -60 -175  6.64561
 -60 -170  7.1469
 -60 -165  7.61232
 -60 -160  8.03924
 -60 -155  8.44442
 -60 -150  8.74146
 -60 -145  8.96903
 -60 -140  9.13907
 -60 -135  9.23093
 -60 -130  9.19388
 -60 -125  9.10312
 -60 -120  8.94736
 -60 -115  8.70724
 -60 -110  8.46596
 -60 -105  8.15323
 -60 -100  7.79099
 -60 -95  7.42223
 -60 -90  7.05165
 -60 -85  6.66193
 -60 -80  6.32691
 -60 -75  5.95754
 -60 -70  5.62311
 -60 -65  5.3306
 -60 -60  5.04929
 -60 -55  4.78051
 -60 -50  4.60143
 -60 -45  4.46039
 -60 -40  4.34956
 -60 -35  4.29766
 -60 -30  4.30522
 -60 -25  4.34482
 -60 -20  4.44862
 -60 -15  4.53415
 -60 -10  4.62884
 -60 -5  4.70114
 -60 0  4.72578
 -60 5  4.68926
 -60 10  4.56694
 -60 15  4.35637
 -60 20  4.13416
 -60 25  3.8604
 -60 30  3.58976
 -60 35  3.2402
 -60 40  2.93532
 -60 45  2.65562
 -60 50  2.43276
 -60 55  2.24871
 -60 60  2.06908
 -60 65  1.98724
 -60 70  1.94003
 -60 75  1.93282
 -60 80  1.96213
 -60 85  2.06714
 -60 90  2.17086
 -60 95  2.30639
 -60 100  2.46576
 -60 105  2.61193
 -60 110  2.75104
 -60 115  2.87783
 -60 120  3.00866
 -60 125  3.1481
 -60 130  3.30445
 -60 135  3.44368
 -60 140  3.63782
 -60 145  3.79369
 -60 150  4.038
 -60 155  4.23256
 -60 160  4.52966
 -60 165  4.86994
 -60 170  5.23809
 -60 175  5.67801

 -55 -180  7.26914
 -55 -175  7.82602
 -55 -170  8.35593
 -55 -165  8.82972
 -55 -160  9.29736
 -55 -155  9.70372
 -55 -150  9.99223
 -55 -145  10.1892
 -55 -140  10.3119
 -55 -135  10.3472
 -55 -130  10.26
 -55 -125  10.1018
 -55 -120  9.89231
 -55 -115  9.56093
 -55 -110  9.2271
 -55 -105  8.83485
 -55 -100  8.41719
 -55 -95  7.99183
 -55 -90  7.54322
 -55 -85  7.11139
 -55 -80  6.72926
 -55 -75  6.32904
 -55 -70  5.9551
 -55 -65  5.62843
 -55 -60  5.34662
 -55 -55  5.08395
 -55 -50  4.90463
 -55 -45  4.76133
 -55 -40  4.70503
 -55 -35  4.69728
 -55 -30  4.73521
 -55 -25  4.81464
 -55 -20  4.95397
 -55 -15  5.08018
 -55 -10  5.20084
 -55 -5  5.2733
 -55 0  5.27782
 -55 5  5.2355
 -55 10  5.11562
 -55 15  4.93421
 -55 20  4.72506
 -55 25  4.46404
 -55 30  4.24368
 -55 35  3.95285
 -55 40  3.67346
 -55 45  3.42643
 -55 50  3.23381
 -55 55  3.04108
 -55 60  2.90642
 -55 65  2.8402
 -55 70  2.78224
 -55 75  2.79616
 -55 80  2.82024
 -55 85  2.91044
 -55 90  3.00838
 -55 95  3.10138
 -55 100  3.24299
 -55 105  3.35311
 -55 110  3.48976
 -55 115  3.61527
 -55 120  3.74248
 -55 125  3.89066
 -55 130  4.06234
 -55 135  4.20612
 -55 140  4.38749
 -55 145  4.57172
 -55 150  4.83827
 -55 155  5.10349
 -55 160  5.44509
 -55 165  5.82543
 -55 170  6.26605
 -55 175  6.76569

 -50 -180  8.53938
 -50 -175  9.12361
 -50 -170  9.66096
 -50 -165  10.1677
 -50 -160  10.6472
 -50 -155  11.0419
 -50 -150  11.3262
 -50 -145  11.4927
 -50 -140  11.5656
 -50 -135  11.5351
 -50 -130  11.3696
 -50 -125  11.1
 -50 -120  10.8018
 -50 -115  10.3976
 -50 -110  9.97903
 -50 -105  9.49238
 -50 -100  8.99508
 -50 -95  8.52591
 -50 -90  8.01167
 -50 -85  7.56223
 -50 -80  7.13555
 -50 -75  6.69158
 -50 -70  6.30816
 -50 -65  5.93812
 -50 -60  5.6449
 -50 -55  5.40731
 -50 -50  5.25182
 -50 -45  5.12599
 -50 -40  5.11508
 -50 -35  5.13354
 -50 -30  5.20968
 -50 -25  5.33931
 -50 -20  5.51779
 -50 -15  5.66868
 -50 -10  5.79906
 -50 -5  5.87696
 -50 0  5.89618
 -50 5  5.85206
 -50 10  5.72316
 -50 15  5.56396
 -50 20  5.39269
 -50 25  5.17458
 -50 30  4.9774
 -50 35  4.73742
 -50 40  4.4856
 -50 45  4.274
 -50 50  4.12074
 -50 55  3.92498
 -50 60  3.81557
 -50 65  3.74343
 -50 70  3.67644
 -50 75  3.71068
 -50 80  3.73072
 -50 85  3.77867
 -50 90  3.8726
 -50 95  3.94772
 -50 100  4.0902
 -50 105  4.18749
 -50 110  4.30663
 -50 115  4.44876
 -50 120  4.55947
 -50 125  4.73121
 -50 130  4.93327
 -50 135  5.09639
 -50 140  5.28127
 -50 145  5.50744
 -50 150  5.79452
 -50 155  6.13192
 -50 160  6.49054
 -50 165  6.91912
 -50 170  7.42276
 -50 175  7.96851

 -45 -180  9.89354
 -45 -175  10.5415
 -45 -170  11.1087
 -45 -165  11.6418
 -45 -160  12.1017
 -45 -155  12.4462
 -45 -150  12.7134
 -45 -145  12.8295
 -45 -140  12.8202
 -45 -135  12.6986
 -45 -130  12.4501
 -45 -125  12.0805
 -45 -120  11.6509
 -45 -115  11.1521
 -45 -110  10.6392
 -45 -105  10.0871
 -45 -100  9.52319
 -45 -95  8.99829
 -45 -90  8.42806
 -45 -85  7.95159
 -45 -80  7.48306
 -45 -75  7.03992
 -45 -70  6.68791
 -45 -65  6.31954
 -45 -60  6.00533
 -45 -55  5.78536
 -45 -50  5.64441
 -45 -45  5.54491
 -45 -40  5.57863
 -45 -35  5.63302
 -45 -30  5.771
 -45 -25  5.94388
 -45 -20  6.14633
 -45 -15  6.31893
 -45 -10  6.45767
 -45 -5  6.52178
 -45 0  6.52811
 -45 5  6.47634
 -45 10  6.38644
 -45 15  6.26292
 -45 20  6.13046
 -45 25  5.94325
 -45 30  5.74997
 -45 35  5.60394
 -45 40  5.39773
 -45 45  5.20514
 -45 50  5.08711
 -45 55  4.91434
 -45 60  4.80643
 -45 65  4.76242
 -45 70  4.69984
 -45 75  4.69797
 -45 80  4.70537
 -45 85  4.74264
 -45 90  4.81241
 -45 95  4.86654
 -45 100  4.96619
 -45 105  5.05372
 -45 110  5.18712
 -45 115  5.36084
 -45 120  5.48619
 -45 125  5.65428
 -45 130  5.83933
 -45 135  6.04328
 -45 140  6.27863
 -45 145  6.55378
 -45 150  6.86882
 -45 155  7.24774
 -45 160  7.63518
 -45 165  8.12051
 -45 170  8.70138
 -45 175  9.28042

 -40 -180  11.3506
 -40 -175  12.0098
 -40 -170  12.6097
 -40 -165  13.1462
 -40 -160  13.5752
 -40 -155  13.8623
 -40 -150  14.0826
 -40 -145  14.1256
 -40 -140  14.0001
 -40 -135  13.7581
 -40 -130  13.4084
 -40 -125  12.9551
 -40 -120  12.3865
 -40 -115  11.8065
 -40 -110  11.194
 -40 -105  10.5719
 -40 -100  9.93558
 -40 -95  9.37451
 -40 -90  8.80342
 -40 -85  8.28752
 -40 -80  7.78545
 -40 -75  7.34374
 -40 -70  6.98745
 -40 -65  6.6506
 -40 -60  6.35074
 -40 -55  6.14559
 -40 -50  6.05011
 -40 -45  6.00938
 -40 -40  6.06324
 -40 -35  6.17674
 -40 -30  6.37008
 -40 -25  6.55746
 -40 -20  6.78941
 -40 -15  6.99301
 -40 -10  7.13161
 -40 -5  7.19393
 -40 0  7.24185
 -40 5  7.19202
 -40 10  7.1129
 -40 15  7.00802
 -40 20  6.91394
 -40 25  6.7847
 -40 30  6.62222
 -40 35  6.48934
 -40 40  6.32055
 -40 45  6.17673
 -40 50  6.04656
 -40 55  5.91052
 -40 60  5.82584
 -40 65  5.77673
 -40 70  5.71016
 -40 75  5.69318
 -40 80  5.70864
 -40 85  5.72812
 -40 90  5.76097
 -40 95  5.81215
 -40 100  5.8822
 -40 105  5.96417
 -40 110  6.09523
 -40 115  6.26647
 -40 120  6.43387
 -40 125  6.64278
 -40 130  6.83447
 -40 135  7.08074
 -40 140  7.34456
 -40 145  7.64845
 -40 150  8.01922
 -40 155  8.43414
 -40 160  8.88411
 -40 165  9.42877
 -40 170  10.0698
 -40 175  10.7053

 -35 -180  12.88
 -35 -175  13.5216
 -35 -170  14.1268
 -35 -165  14.6512
 -35 -160  15.0338
 -35 -155  15.2542
 -35 -150  15.3845
 -35 -145  15.3248
 -35 -140  15.0915
 -35 -135  14.7171
 -35 -130  14.2186
 -35 -125  13.6431
 -35 -120  12.9768
 -35 -115  12.3078
 -35 -110  11.6069
 -35 -105  10.9372
 -35 -100  10.2446
 -35 -95  9.65296
 -35 -90  9.07541
 -35 -85  8.55927
 -35 -80  8.08742
 -35 -75  7.65418
 -35 -70  7.28417
 -35 -65  6.98792
 -35 -60  6.74903
 -35 -55  6.56485
 -35 -50  6.50793
 -35 -45  6.52316
 -35 -40  6.61822
 -35 -35  6.80193
 -35 -30  7.01779
 -35 -25  7.23751
 -35 -20  7.46983
 -35 -15  7.66646
 -35 -10  7.78915
 -35 -5  7.87034
 -35 0  7.93582
 -35 5  7.89659
 -35 10  7.86377
 -35 15  7.79296
 -35 20  7.74217
 -35 25  7.64067
 -35 30  7.50937
 -35 35  7.40501
 -35 40  7.29142
 -35 45  7.18674
 -35 50  7.05763
 -35 55  6.95217
 -35 60  6.87815
 -35 65  6.80929
 -35 70  6.73084
 -35 75  6.69039
 -35 80  6.68791
 -35 85  6.67011
 -35 90  6.67475
 -35 95  6.73938
 -35 100  6.8095
 -35 105  6.91718
 -35 110  7.06412
 -35 115  7.23956
 -35 120  7.43766
 -35 125  7.65424
 -35 130  7.8706
 -35 135  8.1427
 -35 140  8.45767
 -35 145  8.82875
 -35 150  9.26114
 -35 155  9.7105
 -35 160  10.2346
 -35 165  10.8259
 -35 170  11.5162
 -35 175  12.1948

 -30 -180  14.384
 -30 -175  15.0175
 -30 -170  15.6296
 -30 -165  16.1203
 -30 -160  16.4256
 -30 -155  16.5933
 -30 -150  16.5948
 -30 -145  16.3725
 -30 -140  15.9879
 -30 -135  15.4739
 -30 -130  14.8428
 -30 -125  14.1426
 -30 -120  13.3903
 -30 -115  12.6406
 -30 -110  11.8828
 -30 -105  11.1837
 -30 -100  10.5131
 -30 -95  9.91096
 -30 -90  9.31422
 -30 -85  8.78771
 -30 -80  8.30423
 -30 -75  7.88939
 -30 -70  7.54745
 -30 -65  7.30138
 -30 -60  7.1135
 -30 -55  6.96306
 -30 -50  6.94982
 -30 -45  7.02751
 -30 -40  7.18492
 -30 -35  7.41302
 -30 -30  7.65295
 -30 -25  7.9148
 -30 -20  8.14889
 -30 -15  8.33552
 -30 -10  8.44032
 -30 -5  8.53789
 -30 0  8.59765
 -30 5  8.58038
 -30 10  8.59798
 -30 15  8.54735
 -30 20  8.52512
 -30 25  8.4622
 -30 30  8.3808
 -30 35  8.28448
 -30 40  8.18725
 -30 45  8.10498
 -30 50  8.00915
 -30 55  7.93132
 -30 60  7.86305
 -30 65  7.7923
 -30 70  7.70334
 -30 75  7.64744
 -30 80  7.60377
 -30 85  7.59518
 -30 90  7.62326
 -30 95  7.67694
 -30 100  7.75299
 -30 105  7.8759
 -30 110  8.02108
 -30 115  8.21543
 -30 120  8.45461
 -30 125  8.69009
 -30 130  8.98435
 -30 135  9.27511
 -30 140  9.64513
 -30 145  10.0633
 -30 150  10.5316
 -30 155  11.0376
 -30 160  11.6317
 -30 165  12.2737
 -30 170  12.9871
 -30 175  13.6829

 -25 -180  15.8953
 -25 -175  16.5292
 -25 -170  17.0766
 -25 -165  17.496
 -25 -160  17.6915
 -25 -155  17.7401
 -25 -150  17.578
 -25 -145  17.193
 -25 -140  16.6503
 -25 -135  15.983
 -25 -130  15.2264
 -25 -125  14.4266
 -25 -120  13.6217
 -25 -115  12.8219
 -25 -110  12.0465
 -25 -105  11.3011
 -25 -100  10.6203
 -25 -95  10.0098
 -25 -90  9.447
 -25 -85  8.94331
 -25 -80  8.48233
 -25 -75  8.11256
 -25 -70  7.78392
 -25 -65  7.56933
 -25 -60  7.42012
 -25 -55  7.32602
 -25 -50  7.38777
 -25 -45  7.5095
 -25 -40  7.7285
 -25 -35  8.00901
 -25 -30  8.27759
 -25 -25  8.52723
 -25 -20  8.73925
 -25 -15  8.91962
 -25 -10  9.02877
 -25 -5  9.16171
 -25 0  9.22918
 -25 5  9.26569
 -25 10  9.33696
 -25 15  9.31876
 -25 20  9.33875
 -25 25  9.30179
 -25 30  9.25117
 -25 35  9.17165
 -25 40  9.0993
 -25 45  9.03588
 -25 50  8.95023
 -25 55  8.86298
 -25 60  8.77575
 -25 65  8.7011
 -25 70  8.60699
 -25 75  8.53516
 -25 80  8.48189
 -25 85  8.46541
 -25 90  8.50821
 -25 95  8.57218
 -25 100  8.68824
 -25 105  8.84443
 -25 110  8.99736
 -25 115  9.22616
 -25 120  9.50483
 -25 125  9.75618
 -25 130  10.0894
 -25 135  10.427
 -25 140  10.8494
 -25 145  11.3165
 -25 150  11.8253
 -25 155  12.3929
 -25 160  13.0303
 -25 165  13.7492
 -25 170  14.4839
 -25 175  15.2046

 -20 -180  17.3591
 -20 -175  17.9483
 -20 -170  18.395
 -20 -165  18.7062
 -20 -160  18.7657
 -20 -155  18.6248
 -20 -150  18.2671
 -20 -145  17.7115
 -20 -140  17.0405
 -20 -135  16.2216
 -20 -130  15.3739
 -20 -125  14.5014
 -20 -120  13.6385
 -20 -115  12.8236
 -20 -110  12.0625
 -20 -105  11.312
 -20 -100  10.6407
 -20 -95  10.0332
 -20 -90  9.51035
 -20 -85  9.03067
 -20 -80  8.62043
 -20 -75  8.29178
 -20 -70  8.00912
 -20 -65  7.83201
 -20 -60  7.74633
 -20 -55  7.73923
 -20 -50  7.8629
 -20 -45  8.01542
 -20 -40  8.26883
 -20 -35  8.56365
 -20 -30  8.82338
 -20 -25  9.06629
 -20 -20  9.28084
 -20 -15  9.46452
 -20 -10  9.58608
 -20 -5  9.73463
 -20 0  9.84675
 -20 5  9.90599
 -20 10  9.97439
 -20 15  10.0119
 -20 20  10.0759
 -20 25  10.0665
 -20 30  10.0225
 -20 35  9.97617
 -20 40  9.93065
 -20 45  9.892
 -20 50  9.8465
 -20 55  9.75028
 -20 60  9.64279
 -20 65  9.54599
 -20 70  9.42969
 -20 75  9.32813
 -20 80  9.28283
 -20 85  9.24666
 -20 90  9.30702
 -20 95  9.40987
 -20 100  9.55193
 -20 105  9.72417
 -20 110  9.94143
 -20 115  10.2316
 -20 120  10.5487
 -20 125  10.8205
 -20 130  11.1885
 -20 135  11.6133
 -20 140  12.0857
 -20 145  12.6091
 -20 150  13.1589
 -20 155  13.798
 -20 160  14.4761
 -20 165  15.2139
 -20 170  15.9611
 -20 175  16.6993

 -15 -180  18.7014
 -15 -175  19.2121
 -15 -170  19.4984
 -15 -165  19.6276
 -15 -160  19.5062
 -15 -155  19.1445
 -15 -150  18.6017
 -15 -145  17.8761
 -15 -140  17.0935
 -15 -135  16.1769
 -15 -130  15.2411
 -15 -125  14.3445
 -15 -120  13.4777
 -15 -115  12.6536
 -15 -110  11.9192
 -15 -105  11.228
 -15 -100  10.6091
 -15 -95  10.0223
 -15 -90  9.51228
 -15 -85  9.05376
 -15 -80  8.6657
 -15 -75  8.37981
 -15 -70  8.15026
 -15 -65  7.99112
 -15 -60  7.9626
 -15 -55  8.03941
 -15 -50  8.22877
 -15 -45  8.46561
 -15 -40  8.7591
 -15 -35  9.06034
 -15 -30  9.33963
 -15 -25  9.58254
 -15 -20  9.76898
 -15 -15  9.93365
 -15 -10  10.0847
 -15 -5  10.2652
 -15 0  10.3855
 -15 5  10.4558
 -15 10  10.5366
 -15 15  10.614
 -15 20  10.6895
 -15 25  10.6994
 -15 30  10.7175
 -15 35  10.726
 -15 40  10.6796
 -15 45  10.6236
 -15 50  10.5684
 -15 55  10.4819
 -15 60  10.3503
 -15 65  10.2522
 -15 70  10.1387
 -15 75  10.0247
 -15 80  10.0214
 -15 85  10.0279
 -15 90  10.1119
 -15 95  10.238
 -15 100  10.4379
 -15 105  10.6229
 -15 110  10.9051
 -15 115  11.2099
 -15 120  11.5471
 -15 125  11.8908
 -15 130  12.3121
 -15 135  12.7914
 -15 140  13.3085
 -15 145  13.8984
 -15 150  14.4867
 -15 155  15.164
 -15 160  15.9018
 -15 165  16.6403
 -15 170  17.3787
 -15 175  18.0872

 -10 -180  19.8339
 -10 -175  20.1941
 -10 -170  20.2851
 -10 -165  20.1778
 -10 -160  19.83
 -10 -155  19.2523
 -10 -150  18.5507
 -10 -145  17.6863
 -10 -140  16.8025
 -10 -135  15.8675
 -10 -130  14.9375
 -10 -125  14.0405
 -10 -120  13.1921
 -10 -115  12.3974
 -10 -110  11.6908
 -10 -105  11.0329
 -10 -100  10.4293
 -10 -95  9.8817
 -10 -90  9.42998
 -10 -85  9.03947
 -10 -80  8.68552
 -10 -75  8.46085
 -10 -70  8.27332
 -10 -65  8.1949
 -10 -60  8.24723
 -10 -55  8.36434
 -10 -50  8.57158
 -10 -45  8.88297
 -10 -40  9.18522
 -10 -35  9.44191
 -10 -30  9.68762
 -10 -25  9.91922
 -10 -20  10.1071
 -10 -15  10.298
 -10 -10  10.4692
 -10 -5  10.6568
 -10 0  10.7942
 -10 5  10.9322
 -10 10  11.0689
 -10 15  11.1578
 -10 20  11.2661
 -10 25  11.295
 -10 30  11.3376
 -10 35  11.3552
 -10 40  11.3177
 -10 45  11.272
 -10 50  11.2001
 -10 55  11.1166
 -10 60  10.955
 -10 65  10.8476
 -10 70  10.75
 -10 75  10.6524
 -10 80  10.6653
 -10 85  10.7129
 -10 90  10.8466
 -10 95  11.0148
 -10 100  11.253
 -10 105  11.4812
 -10 110  11.8061
 -10 115  12.1397
 -10 120  12.5371
 -10 125  12.9668
 -10 130  13.4441
 -10 135  13.95
 -10 140  14.5051
 -10 145  15.1446
 -10 150  15.8036
 -10 155  16.5034
 -10 160  17.2429
 -10 165  17.9848
 -10 170  18.6879
 -10 175  19.3006

 -5 -180  20.6444
 -5 -175  20.7819
 -5 -170  20.6684
 -5 -165  20.3333
 -5 -160  19.7752
 -5 -155  19.0085
 -5 -150  18.1748
 -5 -145  17.2274
 -5 -140  16.3082
 -5 -135  15.3777
 -5 -130  14.4652
 -5 -125  13.6131
 -5 -120  12.7895
 -5 -115  12.0439
 -5 -110  11.3766
 -5 -105  10.7457
 -5 -100  10.1858
 -5 -95  9.6829
 -5 -90  9.26897
 -5 -85  8.93514
 -5 -80  8.6357
 -5 -75  8.45776
 -5 -70  8.34748
 -5 -65  8.33932
 -5 -60  8.4507
 -5 -55  8.61344
 -5 -50  8.85807
 -5 -45  9.19136
 -5 -40  9.48189
 -5 -35  9.72348
 -5 -30  9.94384
 -5 -25  10.1544
 -5 -20  10.3741
 -5 -15  10.5812
 -5 -10  10.7441
 -5 -5  10.9467
 -5 0  11.1104
 -5 5  11.3085
 -5 10  11.4671
 -5 15  11.564
 -5 20  11.7028
 -5 25  11.7463
 -5 30  11.7994
 -5 35  11.8592
 -5 40  11.8479
 -5 45  11.8009
 -5 50  11.7137
 -5 55  11.6098
 -5 60  11.4576
 -5 65  11.3248
 -5 70  11.2369
 -5 75  11.2077
 -5 80  11.262
 -5 85  11.3678
 -5 90  11.5614
 -5 95  11.7588
 -5 100  12.0359
 -5 105  12.322
 -5 110  12.6858
 -5 115  13.0662
 -5 120  13.5203
 -5 125  13.9794
 -5 130  14.5072
 -5 135  15.0828
 -5 140  15.6993
 -5 145  16.3696
 -5 150  17.0555
 -5 155  17.7492
 -5 160  18.4555
 -5 165  19.1663
 -5 170  19.7981
 -5 175  20.2919

 0 -180  21.0339
 0 -175  20.9354
 0 -170  20.5747
 0 -165  20.0179
 0 -160  19.2997
 0 -155  18.4474
 0 -150  17.5394
 0 -145  16.5741
 0 -140  15.6457
 0 -135  14.7262
 0 -130  13.8378
 0 -125  13.024
 0 -120  12.2535
 0 -115  11.593
 0 -110  10.9817
 0 -105  10.397
 0 -100  9.89983
 0 -95  9.44711
 0 -90  9.08209
 0 -85  8.7927
 0 -80  8.55131
 0 -75  8.39545
 0 -70  8.35684
 0 -65  8.40625
 0 -60  8.55583
 0 -55  8.76564
 0 -50  9.0244
 0 -45  9.30457
 0 -40  9.5757
 0 -35  9.82512
 0 -30  10.0816
 0 -25  10.2964
 0 -20  10.5168
 0 -15  10.7414
 0 -10  10.9468
 0 -5  11.1906
 0 0  11.366
 0 5  11.5823
 0 10  11.7523
 0 15  11.8696
 0 20  12.0345
 0 25  12.11
 0 30  12.1874
 0 35  12.2428
 0 40  12.2325
 0 45  12.1638
 0 50  12.0671
 0 55  11.9282
 0 60  11.7776
 0 65  11.6949
 0 70  11.663
 0 75  11.7053
 0 80  11.8066
 0 85  11.9622
 0 90  12.2031
 0 95  12.4704
 0 100  12.7877
 0 105  13.1105
 0 110  13.5242
 0 115  13.9445
 0 120  14.4547
 0 125  14.9793
 0 130  15.5336
 0 135  16.155
 0 140  16.7892
 0 145  17.4943
 0 150  18.1808
 0 155  18.8498
 0 160  19.4902
 0 165  20.1204
 0 170  20.6286
 0 175  20.9435

 5 -180  20.9902
 5 -175  20.6447
 5 -170  20.0702
 5 -165  19.3808
 5 -160  18.5731
 5 -155  17.6779
 5 -150  16.7397
 5 -145  15.7817
 5 -140  14.8769
 5 -135  14.0015
 5 -130  13.1744
 5 -125  12.4123
 5 -120  11.694
 5 -115  11.0736
 5 -110  10.4876
 5 -105  9.95292
 5 -100  9.5067
 5 -95  9.1188
 5 -90  8.8133
 5 -85  8.55598
 5 -80  8.38434
 5 -75  8.27332
 5 -70  8.31067
 5 -65  8.40438
 5 -60  8.57845
 5 -55  8.80172
 5 -50  9.05905
 5 -45  9.31851
 5 -40  9.58018
 5 -35  9.80065
 5 -30  10.0668
 5 -25  10.303
 5 -20  10.4976
 5 -15  10.7564
 5 -10  10.9924
 5 -5  11.2478
 5 0  11.4648
 5 5  11.7058
 5 10  11.8903
 5 15  12.0337
 5 20  12.2347
 5 25  12.3512
 5 30  12.4442
 5 35  12.4595
 5 40  12.4371
 5 45  12.3768
 5 50  12.2866
 5 55  12.1416
 5 60  12.0323
 5 65  12.0081
 5 70  12.0218
 5 75  12.1214
 5 80  12.2956
 5 85  12.5164
 5 90  12.7722
 5 95  13.0936
 5 100  13.4627
 5 105  13.848
 5 110  14.3015
 5 115  14.7677
 5 120  15.2894
 5 125  15.8842
 5 130  16.4758
 5 135  17.1289
 5 140  17.7809
 5 145  18.4852
 5 150  19.1453
 5 155  19.7507
 5 160  20.3052
 5 165  20.7528
 5 170  21.0664
 5 175  21.1503

 10 -180  20.5081
 10 -175  19.9637
 10 -170  19.2821
 10 -165  18.5176
 10 -160  17.6743
 10 -155  16.7694
 10 -150  15.846
 10 -145  14.933
 10 -140  14.075
 10 -135  13.2518
 10 -130  12.4438
 10 -125  11.7263
 10 -120  11.0788
 10 -115  10.5059
 10 -110  9.97657
 10 -105  9.51794
 10 -100  9.09673
 10 -95  8.7398
 10 -90  8.48218
 10 -85  8.24658
 10 -80  8.13945
 10 -75  8.07407
 10 -70  8.16002
 10 -65  8.2712
 10 -60  8.46545
 10 -55  8.69587
 10 -50  8.91987
 10 -45  9.16875
 10 -40  9.44119
 10 -35  9.68481
 10 -30  9.93688
 10 -25  10.1856
 10 -20  10.4136
 10 -15  10.6941
 10 -10  10.9403
 10 -5  11.198
 10 0  11.451
 10 5  11.7117
 10 10  11.9282
 10 15  12.1205
 10 20  12.3234
 10 25  12.435
 10 30  12.5347
 10 35  12.5564
 10 40  12.5322
 10 45  12.4644
 10 50  12.3546
 10 55  12.2446
 10 60  12.2292
 10 65  12.2388
 10 70  12.3221
 10 75  12.4703
 10 80  12.6811
 10 85  12.9539
 10 90  13.2622
 10 95  13.6449
 10 100  14.0753
 10 105  14.5156
 10 110  15.0017
 10 115  15.5263
 10 120  16.0599
 10 125  16.6853
 10 130  17.2997
 10 135  17.9684
 10 140  18.6325
 10 145  19.2824
 10 150  19.8547
 10 155  20.3465
 10 160  20.7657
 10 165  20.9845
 10 170  21.053
 10 175  20.893

 15 -180  19.7258
 15 -175  19.0647
 15 -170  18.3
 15 -165  17.4774
 15 -160  16.6312
 15 -155  15.7625
 15 -150  14.8794
 15 -145  14.0187
 15 -140  13.1927
 15 -135  12.4262
 15 -130  11.6778
 15 -125  11.0106
 15 -120  10.4191
 15 -115  9.90526
 15 -110  9.40768
 15 -105  8.9971
 15 -100  8.62326
 15 -95  8.32999
 15 -90  8.11341
 15 -85  7.91664
 15 -80  7.84973
 15 -75  7.78963
 15 -70  7.89071
 15 -65  8.03504
 15 -60  8.21957
 15 -55  8.44679
 15 -50  8.64821
 15 -45  8.86948
 15 -40  9.13851
 15 -35  9.40192
 15 -30  9.64866
 15 -25  9.92462
 15 -20  10.1937
 15 -15  10.4847
 15 -10  10.7717
 15 -5  11.0352
 15 0  11.3299
 15 5  11.6066
 15 10  11.8524
 15 15  12.0986
 15 20  12.3067
 15 25  12.4398
 15 30  12.5548
 15 35  12.5413
 15 40  12.514
 15 45  12.4461
 15 50  12.3451
 15 55  12.2941
 15 60  12.3379
 15 65  12.3892
 15 70  12.587
 15 75  12.8041
 15 80  13.0415
 15 85  13.37
 15 90  13.7486
 15 95  14.1678
 15 100  14.6228
 15 105  15.0727
 15 110  15.578
 15 115  16.1604
 15 120  16.7406
 15 125  17.3571
 15 130  17.9691
 15 135  18.619
 15 140  19.2613
 15 145  19.8379
 15 150  20.2977
 15 155  20.6314
 15 160  20.8138
 15 165  20.8176
 15 170  20.63
 15 175  20.2641

 20 -180  18.7294
 20 -175  18.0072
 20 -170  17.2166
 20 -165  16.4044
 20 -160  15.5372
 20 -155  14.6763
 20 -150  13.8148
 20 -145  13.0259
 20 -140  12.2508
 20 -135  11.5377
 20 -130  10.8741
 20 -125  10.2618
 20 -120  9.70398
 20 -115  9.23507
 20 -110  8.78816
 20 -105  8.41488
 20 -100  8.08147
 20 -95  7.81678
 20 -90  7.63765
 20 -85  7.51129
 20 -80  7.49327
 20 -75  7.47076
 20 -70  7.5688
 20 -65  7.69291
 20 -60  7.85603
 20 -55  8.08219
 20 -50  8.26258
 20 -45  8.46257
 20 -40  8.73569
 20 -35  8.99867
 20 -30  9.24927
 20 -25  9.54289
 20 -20  9.8438
 20 -15  10.1577
 20 -10  10.4793
 20 -5  10.7992
 20 0  11.1343
 20 5  11.4116
 20 10  11.6923
 20 15  11.9494
 20 20  12.1651
 20 25  12.2932
 20 30  12.3769
 20 35  12.3529
 20 40  12.338
 20 45  12.3096
 20 50  12.2921
 20 55  12.2927
 20 60  12.3972
 20 65  12.535
 20 70  12.7643
 20 75  13.0262
 20 80  13.322
 20 85  13.7051
 20 90  14.1388
 20 95  14.5761
 20 100  15.0652
 20 105  15.5547
 20 110  16.0934
 20 115  16.6994
 20 120  17.2832
 20 125  17.873
 20 130  18.4698
 20 135  19.0569
 20 140  19.6222
 20 145  20.0391
 20 150  20.3318
 20 155  20.4804
 20 160  20.4352
 20 165  20.235
 20 170  19.8598
 20 175  19.3532

 25 -180  17.5871
 25 -175  16.8311
 25 -170  16.0309
 25 -165  15.2528
 25 -160  14.4277
 25 -155  13.6094
 25 -150  12.7722
 25 -145  12.0498
 25 -140  11.3321
 25 -135  10.6641
 25 -130  10.0589
 25 -125  9.49855
 25 -120  8.99428
 25 -115  8.55913
 25 -110  8.1525
 25 -105  7.8142
 25 -100  7.53926
 25 -95  7.2864
 25 -90  7.11747
 25 -85  7.01762
 25 -80  7.01041
 25 -75  7.01454
 25 -70  7.10991
 25 -65  7.21615
 25 -60  7.34358
 25 -55  7.54682
 25 -50  7.72583
 25 -45  7.94015
 25 -40  8.2279
 25 -35  8.50187
 25 -30  8.79833
 25 -25  9.13547
 25 -20  9.47123
 25 -15  9.80474
 25 -10  10.1166
 25 -5  10.4924
 25 0  10.8551
 25 5  11.1582
 25 10  11.4618
 25 15  11.7416
 25 20  11.9894
 25 25  12.0943
 25 30  12.1366
 25 35  12.1481
 25 40  12.1537
 25 45  12.1268
 25 50  12.1679
 25 55  12.2423
 25 60  12.4022
 25 65  12.6173
 25 70  12.8751
 25 75  13.2093
 25 80  13.5726
 25 85  13.9928
 25 90  14.4476
 25 95  14.8928
 25 100  15.3862
 25 105  15.8857
 25 110  16.449
 25 115  17.0616
 25 120  17.648
 25 125  18.2225
 25 130  18.76
 25 135  19.2266
 25 140  19.6374
 25 145  19.8809
 25 150  19.9913
 25 155  19.934
 25 160  19.713
 25 165  19.3415
 25 170  18.8606
 25 175  18.2632

 30 -180  16.3821
 30 -175  15.6276
 30 -170  14.8396
 30 -165  14.0835
 30 -160  13.2925
 30 -155  12.5335
 30 -150  11.7656
 30 -145  11.1098
 30 -140  10.4479
 30 -135  9.80164
 30 -130  9.23158
 30 -125  8.71086
 30 -120  8.24908
 30 -115  7.8523
 30 -110  7.50432
 30 -105  7.20724
 30 -100  6.94828
 30 -95  6.70742
 30 -90  6.5636
 30 -85  6.48124
 30 -80  6.45339
 30 -75  6.46821
 30 -70  6.52362
 30 -65  6.61913
 30 -60  6.7384
 30 -55  6.92245
 30 -50  7.10197
 30 -45  7.33216
 30 -40  7.62446
 30 -35  7.93095
 30 -30  8.27077
 30 -25  8.62477
 30 -20  8.97401
 30 -15  9.35223
 30 -10  9.68271
 30 -5  10.1056
 30 0  10.4891
 30 5  10.8351
 30 10  11.149
 30 15  11.4353
 30 20  11.6816
 30 25  11.8041
 30 30  11.8664
 30 35  11.8774
 30 40  11.9057
 30 45  11.9471
 30 50  12.0518
 30 55  12.1905
 30 60  12.4027
 30 65  12.6737
 30 70  12.945
 30 75  13.3209
 30 80  13.7304
 30 85  14.1556
 30 90  14.6162
 30 95  15.0813
 30 100  15.5885
 30 105  16.121
 30 110  16.7042
 30 115  17.2608
 30 120  17.7742
 30 125  18.2895
 30 130  18.7338
 30 135  19.0605
 30 140  19.3401
 30 145  19.4312
 30 150  19.3592
 30 155  19.1287
 30 160  18.7639
 30 165  18.2787
 30 170  17.7282
 30 175  17.072

 35 -180  15.1389
 35 -175  14.3994
 35 -170  13.6627
 35 -165  12.946
 35 -160  12.2047
 35 -155  11.4906
 35 -150  10.788
 35 -145  10.174
 35 -140  9.55798
 35 -135  8.97958
 35 -130  8.46242
 35 -125  7.99237
 35 -120  7.5407
 35 -115  7.1611
 35 -110  6.82025
 35 -105  6.55622
 35 -100  6.29974
 35 -95  6.06201
 35 -90  5.93761
 35 -85  5.86318
 35 -80  5.79734
 35 -75  5.82393
 35 -70  5.87587
 35 -65  5.96272
 35 -60  6.06751
 35 -55  6.24845
 35 -50  6.43318
 35 -45  6.67362
 35 -40  6.98294
 35 -35  7.31193
 35 -30  7.67819
 35 -25  8.06107
 35 -20  8.45255
 35 -15  8.90645
 35 -10  9.27871
 35 -5  9.68862
 35 0  10.1066
 35 5  10.4892
 35 10  10.8114
 35 15  11.0721
 35 20  11.2901
 35 25  11.4115
 35 30  11.5098
 35 35  11.5654
 35 40  11.612
 35 45  11.7155
 35 50  11.8705
 35 55  12.0824
 35 60  12.3688
 35 65  12.6804
 35 70  12.9865
 35 75  13.3894
 35 80  13.8325
 35 85  14.2602
 35 90  14.7064
 35 95  15.1941
 35 100  15.6956
 35 105  16.2144
 35 110  16.7646
 35 115  17.2501
 35 120  17.6822
 35 125  18.1299
 35 130  18.4654
 35 135  18.6456
 35 140  18.7796
 35 145  18.7071
 35 150  18.4801
 35 155  18.1464
 35 160  17.7218
 35 165  17.1719
 35 170  16.5448
 35 175  15.8372

 40 -180  13.9502
 40 -175  13.2537
 40 -170  12.5695
 40 -165  11.8751
 40 -160  11.2009
 40 -155  10.5097
 40 -150  9.85199
 40 -145  9.26534
 40 -140  8.70669
 40 -135  8.20094
 40 -130  7.7141
 40 -125  7.2554
 40 -120  6.85328
 40 -115  6.51175
 40 -110  6.14778
 40 -105  5.89757
 40 -100  5.66575
 40 -95  5.45734
 40 -90  5.30666
 40 -85  5.22152
 40 -80  5.13518
 40 -75  5.12332
 40 -70  5.1537
 40 -65  5.21365
 40 -60  5.30458
 40 -55  5.48938
 40 -50  5.71014
 40 -45  5.98053
 40 -40  6.31347
 40 -35  6.67514
 40 -30  7.07938
 40 -25  7.46194
 40 -20  7.89806
 40 -15  8.39848
 40 -10  8.83672
 40 -5  9.26937
 40 0  9.7131
 40 5  10.1149
 40 10  10.4524
 40 15  10.7239
 40 20  10.9458
 40 25  11.067
 40 30  11.1551
 40 35  11.253
 40 40  11.3604
 40 45  11.5543
 40 50  11.7503
 40 55  11.9943
 40 60  12.3134
 40 65  12.6655
 40 70  13.0106
 40 75  13.4146
 40 80  13.8585
 40 85  14.2874
 40 90  14.7324
 40 95  15.2196
 40 100  15.6714
 40 105  16.1685
 40 110  16.6643
 40 115  17.0612
 40 120  17.4249
 40 125  17.7743
 40 130  17.98
 40 135  18.0226
 40 140  18.0065
 40 145  17.8035
 40 150  17.4687
 40 155  17.0541
 40 160  16.5599
 40 165  15.956
 40 170  15.3238
 40 175  14.6438

 45 -180  12.8321
 45 -175  12.1982
 45 -170  11.5467
 45 -165  10.8745
 45 -160  10.2421
 45 -155  9.60851
 45 -150  9.03052
 45 -145  8.48147
 45 -140  7.94324
 45 -135  7.43399
 45 -130  6.99198
 45 -125  6.58867
 45 -120  6.22436
 45 -115  5.91122
 45 -110  5.5781
 45 -105  5.30886
 45 -100  5.05829
 45 -95  4.84554
 45 -90  4.69327
 45 -85  4.58539
 45 -80  4.4746
 45 -75  4.41117
 45 -70  4.41157
 45 -65  4.48846
 45 -60  4.59444
 45 -55  4.76073
 45 -50  4.99998
 45 -45  5.30713
 45 -40  5.66798
 45 -35  6.06563
 45 -30  6.5077
 45 -25  6.9514
 45 -20  7.43796
 45 -15  7.93606
 45 -10  8.41451
 45 -5  8.86525
 45 0  9.31268
 45 5  9.72781
 45 10  10.0708
 45 15  10.349
 45 20  10.5769
 45 25  10.7294
 45 30  10.8706
 45 35  11.027
 45 40  11.1929
 45 45  11.4276
 45 50  11.6878
 45 55  11.9608
 45 60  12.2805
 45 65  12.6514
 45 70  13.0329
 45 75  13.4278
 45 80  13.831
 45 85  14.2633
 45 90  14.7128
 45 95  15.1576
 45 100  15.5462
 45 105  15.9642
 45 110  16.3625
 45 115  16.6884
 45 120  16.966
 45 125  17.1998
 45 130  17.2699
 45 135  17.2137
 45 140  17.1027
 45 145  16.821
 45 150  16.4257
 45 155  15.9581
 45 160  15.4121
 45 165  14.7952
 45 170  14.1736
 45 175  13.5083

 50 -180  11.8404
 50 -175  11.2233
 50 -170  10.6276
 50 -165  10.0003
 50 -160  9.41325
 50 -155  8.829
 50 -150  8.27786
 50 -145  7.76784
 50 -140  7.28402
 50 -135  6.81568
 50 -130  6.39436
 50 -125  6.00399
 50 -120  5.63835
 50 -115  5.34949
 50 -110  5.03533
 50 -105  4.73919
 50 -100  4.49179
 50 -95  4.26745
 50 -90  4.09392
 50 -85  3.93986
 50 -80  3.82736
 50 -75  3.7475
 50 -70  3.72862
 50 -65  3.80235
 50 -60  3.90923
 50 -55  4.07598
 50 -50  4.35244
 50 -45  4.68896
 50 -40  5.0617
 50 -35  5.4835
 50 -30  5.95304
 50 -25  6.45185
 50 -20  6.9858
 50 -15  7.51391
 50 -10  8.03582
 50 -5  8.53463
 50 0  8.99593
 50 5  9.40925
 50 10  9.75427
 50 15  10.0328
 50 20  10.2629
 50 25  10.4285
 50 30  10.6136
 50 35  10.815
 50 40  11.0545
 50 45  11.3195
 50 50  11.6232
 50 55  11.9265
 50 60  12.2448
 50 65  12.6397
 50 70  13.0086
 50 75  13.4046
 50 80  13.8103
 50 85  14.2205
 50 90  14.6352
 50 95  15.0179
 50 100  15.3734
 50 105  15.7397
 50 110  16.0367
 50 115  16.272
 50 120  16.4542
 50 125  16.5645
 50 130  16.5188
 50 135  16.3978
 50 140  16.1754
 50 145  15.8424
 50 150  15.4249
 50 155  14.9181
 50 160  14.3575
 50 165  13.7554
 50 170  13.1222
 50 175  12.4792

 55 -180  11.0133
 55 -175  10.4161
 55 -170  9.86799
 55 -165  9.27761
 55 -160  8.7446
 55 -155  8.20801
 55 -150  7.68821
 55 -145  7.20153
 55 -140  6.75389
 55 -135  6.33331
 55 -130  5.92891
 55 -125  5.55591
 55 -120  5.18436
 55 -115  4.8747
 55 -110  4.56418
 55 -105  4.27469
 55 -100  4.04257
 55 -95  3.8078
 55 -90  3.59647
 55 -85  3.3999
 55 -80  3.26141
 55 -75  3.15005
 55 -70  3.09949
 55 -65  3.17565
 55 -60  3.29687
 55 -55  3.49195
 55 -50  3.79163
 55 -45  4.14509
 55 -40  4.55175
 55 -35  5.00634
 55 -30  5.49786
 55 -25  6.0187
 55 -20  6.58703
 55 -15  7.17658
 55 -10  7.7435
 55 -5  8.27753
 55 0  8.71081
 55 5  9.13511
 55 10  9.49628
 55 15  9.80008
 55 20  10.059
 55 25  10.2618
 55 30  10.4761
 55 35  10.7167
 55 40  10.9713
 55 45  11.2522
 55 50  11.5802
 55 55  11.9519
 55 60  12.2828
 55 65  12.6737
 55 70  13.0265
 55 75  13.4112
 55 80  13.8103
 55 85  14.1453
 55 90  14.493
 55 95  14.8177
 55 100  15.1203
 55 105  15.4156
 55 110  15.6376
 55 115  15.8087
 55 120  15.9231
 55 125  15.918
 55 130  15.7846
 55 135  15.6143
 55 140  15.3366
 55 145  14.9468
 55 150  14.4954
 55 155  13.9497
 55 160  13.4074
 55 165  12.8104
 55 170  12.1769
 55 175  11.5947

 60 -180  10.3636
 60 -175  9.77946
 60 -170  9.27381
 60 -165  8.72319
 60 -160  8.21015
 60 -155  7.74245
 60 -150  7.27408
 60 -145  6.81618
 60 -140  6.38586
 60 -135  5.97142
 60 -130  5.56959
 60 -125  5.21852
 60 -120  4.85573
 60 -115  4.5267
 60 -110  4.2164
 60 -105  3.905
 60 -100  3.66162
 60 -95  3.41067
 60 -90  3.15426
 60 -85  2.9407
 60 -80  2.79255
 60 -75  2.70023
 60 -70  2.64702
 60 -65  2.70959
 60 -60  2.82785
 60 -55  3.02696
 60 -50  3.3505
 60 -45  3.74377
 60 -40  4.18342
 60 -35  4.67652
 60 -30  5.20612
 60 -25  5.78696
 60 -20  6.37133
 60 -15  6.95522
 60 -10  7.54704
 60 -5  8.10101
 60 0  8.5426
 60 5  8.98395
 60 10  9.35613
 60 15  9.66317
 60 20  9.96288
 60 25  10.2213
 60 30  10.4935
 60 35  10.7885
 60 40  11.0812
 60 45  11.3866
 60 50  11.6898
 60 55  12.039
 60 60  12.381
 60 65  12.78
 60 70  13.1103
 60 75  13.4217
 60 80  13.7577
 60 85  14.0678
 60 90  14.3911
 60 95  14.6815
 60 100  14.9014
 60 105  15.1234
 60 110  15.2571
 60 115  15.3405
 60 120  15.392
 60 125  15.314
 60 130  15.1179
 60 135  14.8784
 60 140  14.5396
 60 145  14.1203
 60 150  13.6569
 60 155  13.1221
 60 160  12.5957
 60 165  12.0298
 60 170  11.4395
 60 175  10.9147

 65 -180  9.86629
 65 -175  9.33629
 65 -170  8.8645
 65 -165  8.37219
 65 -160  7.86075
 65 -155  7.42235
 65 -150  6.98142
 65 -145  6.53237
 65 -140  6.13728
 65 -135  5.73868
 65 -130  5.35799
 65 -125  5.01959
 65 -120  4.6808
 65 -115  4.35657
 65 -110  4.04578
 65 -105  3.73614
 65 -100  3.44185
 65 -95  3.16299
 65 -90  2.88948
 65 -85  2.69339
 65 -80  2.50552
 65 -75  2.40079
 65 -70  2.34673
 65 -65  2.37591
 65 -60  2.52136
 65 -55  2.75386
 65 -50  3.08796
 65 -45  3.50055
 65 -40  3.95299
 65 -35  4.48682
 65 -30  5.04473
 65 -25  5.67946
 65 -20  6.30341
 65 -15  6.91141
 65 -10  7.53094
 65 -5  8.07013
 65 0  8.52753
 65 5  8.95255
 65 10  9.34247
 65 15  9.69215
 65 20  10.0144
 65 25  10.307
 65 30  10.6291
 65 35  10.9482
 65 40  11.2768
 65 45  11.5902
 65 50  11.9092
 65 55  12.2377
 65 60  12.5596
 65 65  12.927
 65 70  13.2354
 65 75  13.5191
 65 80  13.8254
 65 85  14.1069
 65 90  14.3772
 65 95  14.5945
 65 100  14.7416
 65 105  14.9124
 65 110  14.9657
 65 115  14.9628
 65 120  14.9196
 65 125  14.7732
 65 130  14.5583
 65 135  14.2801
 65 140  13.8999
 65 145  13.4849
 65 150  12.9852
 65 155  12.4843
 65 160  11.9904
 65 165  11.4492
 65 170  10.8878
 65 175  10.3825

 70 -180  9.5541
 70 -175  9.05768
 70 -170  8.58983
 70 -165  8.13734
 70 -160  7.66108
 70 -155  7.26075
 70 -150  6.83831
 70 -145  6.41587
 70 -140  6.07133
 70 -135  5.67042
 70 -130  5.30429
 70 -125  4.96245
 70 -120  4.64022
 70 -115  4.33887
 70 -110  4.02668
 70 -105  3.75055
 70 -100  3.43533
 70 -95  3.15033
 70 -90  2.86456
 70 -85  2.63264
 70 -80  2.42055
 70 -75  2.31105
 70 -70  2.24481
 70 -65  2.25638
 70 -60  2.42607
 70 -55  2.67835
 70 -50  2.98388
 70 -45  3.41243
 70 -40  3.89908
 70 -35  4.48856
 70 -30  5.05938
 70 -25  5.70833
 70 -20  6.3485
 70 -15  6.97939
 70 -10  7.61345
 70 -5  8.15823
 70 0  8.64461
 70 5  9.07547
 70 10  9.48792
 70 15  9.88543
 70 20  10.2265
 70 25  10.5724
 70 30  10.9032
 70 35  11.2228
 70 40  11.5681
 70 45  11.9062
 70 50  12.2491
 70 55  12.5446
 70 60  12.8553
 70 65  13.1827
 70 70  13.4624
 70 75  13.7021
 70 80  13.9639
 70 85  14.1937
 70 90  14.4094
 70 95  14.5542
 70 100  14.6447
 70 105  14.7532
 70 110  14.7429
 70 115  14.6873
 70 120  14.5769
 70 125  14.3677
 70 130  14.1186
 70 135  13.809
 70 140  13.4065
 70 145  13.014
 70 150  12.5313
 70 155  12.0498
 70 160  11.5559
 70 165  11.0431
 70 170  10.5357
 70 175  10.0473

 75 -180  9.4412
 75 -175  8.96237
 75 -170  8.52605
 75 -165  8.11802
 75 -160  7.67047
 75 -155  7.26964
 75 -150  6.86668
 75 -145  6.47439
 75 -140  6.13869
 75 -135  5.75408
 75 -130  5.41805
 75 -125  5.08343
 75 -120  4.77149
 75 -115  4.46501
 75 -110  4.14012
 75 -105  3.85002
 75 -100  3.5486
 75 -95  3.23342
 75 -90  2.95854
 75 -85  2.71788
 75 -80  2.50856
 75 -75  2.37877
 75 -70  2.31878
 75 -65  2.34248
 75 -60  2.52728
 75 -55  2.78173
 75 -50  3.09436
 75 -45  3.57221
 75 -40  4.09944
 75 -35  4.70814
 75 -30  5.3128
 75 -25  5.96444
 75 -20  6.61662
 75 -15  7.25419
 75 -10  7.87252
 75 -5  8.42335
 75 0  8.91443
 75 5  9.35541
 75 10  9.79327
 75 15  10.2125
 75 20  10.5657
 75 25  10.9512
 75 30  11.3166
 75 35  11.6761
 75 40  12.0314
 75 45  12.3721
 75 50  12.7017
 75 55  12.9438
 75 60  13.2156
 75 65  13.4953
 75 70  13.7671
 75 75  13.9731
 75 80  14.1507
 75 85  14.3086
 75 90  14.4696
 75 95  14.5631
 75 100  14.5893
 75 105  14.6697
 75 110  14.6126
 75 115  14.5095
 75 120  14.3369
 75 125  14.0932
 75 130  13.8098
 75 135  13.497
 75 140  13.088
 75 145  12.6817
 75 150  12.2052
 75 155  11.7377
 75 160  11.2826
 75 165  10.8078
 75 170  10.353
 75 175  9.90331

 80 -180  9.41638
 80 -175  8.96905
 80 -170  8.5554
 80 -165  8.19111
 80 -160  7.79472
 80 -155  7.38281
 80 -150  7.01101
 80 -145  6.64305
 80 -140  6.28786
 80 -135  5.91965
 80 -130  5.6262
 80 -125  5.29178
 80 -120  5.01451
 80 -115  4.71728
 80 -110  4.41381
 80 -105  4.11805
 80 -100  3.8331
 80 -95  3.51117
 80 -90  3.26259
 80 -85  3.02039
 80 -80  2.81208
 80 -75  2.67142
 80 -70  2.61384
 80 -65  2.63464
 80 -60  2.82498
 80 -55  3.12415
 80 -50  3.48321
 80 -45  3.95302
 80 -40  4.48772
 80 -35  5.09719
 80 -30  5.73342
 80 -25  6.3942
 80 -20  7.05711
 80 -15  7.67345
 80 -10  8.28063
 80 -5  8.83998
 80 0  9.35007
 80 5  9.81126
 80 10  10.2674
 80 15  10.7138
 80 20  11.0927
 80 25  11.4909
 80 30  11.8622
 80 35  12.2098
 80 40  12.549
 80 45  12.8759
 80 50  13.1841
 80 55  13.4246
 80 60  13.6685
 80 65  13.8764
 80 70  14.116
 80 75  14.3106
 80 80  14.4348
 80 85  14.5317
 80 90  14.6513
 80 95  14.7236
 80 100  14.7084
 80 105  14.7077
 80 110  14.5841
 80 115  14.4381
 80 120  14.2221
 80 125  13.9722
 80 130  13.693
 80 135  13.3682
 80 140  12.964
 80 145  12.5463
 80 150  12.0919
 80 155  11.6292
 80 160  11.1915
 80 165  10.7436
 80 170  10.3148
 80 175  9.86669

 85 -180  9.54062
 85 -175  9.13697
 85 -170  8.706
 85 -165  8.32021
 85 -160  7.94857
 85 -155  7.53312
 85 -150  7.2102
 85 -145  6.88265
 85 -140  6.56287
 85 -135  6.22613
 85 -130  5.94513
 85 -125  5.63816
 85 -120  5.38506
 85 -115  5.09529
 85 -110  4.80954
 85 -105  4.54277
 85 -100  4.28529
 85 -95  3.97283
 85 -90  3.73624
 85 -85  3.4937
 85 -80  3.29977
 85 -75  3.17045
 85 -70  3.1339
 85 -65  3.19321
 85 -60  3.37075
 85 -55  3.64121
 85 -50  4.00654
 85 -45  4.47552
 85 -40  5.02851
 85 -35  5.6614
 85 -30  6.26787
 85 -25  6.90013
 85 -20  7.57325
 85 -15  8.18188
 85 -10  8.78246
 85 -5  9.36123
 85 0  9.86008
 85 5  10.3467
 85 10  10.8293
 85 15  11.2912
 85 20  11.7044
 85 25  12.1059
 85 30  12.489
 85 35  12.8346
 85 40  13.1818
 85 45  13.4853
 85 50  13.7624
 85 55  13.9821
 85 60  14.2001
 85 65  14.3768
 85 70  14.5367
 85 75  14.6651
 85 80  14.7668
 85 85  14.8192
 85 90  14.8718
 85 95  14.8695
 85 100  14.8306
 85 105  14.773
 85 110  14.6333
 85 115  14.4686
 85 120  14.2225
 85 125  13.9401
 85 130  13.6535
 85 135  13.2701
 85 140  12.8723
 85 145  12.488
 85 150  12.0805
 85 155  11.6549
 85 160  11.2119
 85 165  10.7704
 85 170  10.3667
 85 175  9.96122

 90 -180  9.71917
 90 -175  9.32447
 90 -170  8.90814
 90 -165  8.54517
 90 -160  8.21255
 90 -155  7.81595
 90 -150  7.50983
 90 -145  7.19308
 90 -140  6.86041
 90 -135  6.56282
 90 -130  6.29424
 90 -125  6.03227
 90 -120  5.81645
 90 -115  5.55561
 90 -110  5.28187
 90 -105  5.02426
 90 -100  4.79926
 90 -95  4.55065
 90 -90  4.34841
 90 -85  4.12468
 90 -80  3.94739
 90 -75  3.82994
 90 -70  3.79439
 90 -65  3.86297
 90 -60  4.03598
 90 -55  4.33944
 90 -50  4.73139
 90 -45  5.18388
 90 -40  5.71733
 90 -35  6.35209
 90 -30  6.95607
 90 -25  7.56539
 90 -20  8.22009
 90 -15  8.80431
 90 -10  9.36803
 90 -5  9.96545
 90 0  10.4785
 90 5  10.9686
 90 10  11.4623
 90 15  11.9455
 90 20  12.3707
 90 25  12.7751
 90 30  13.1743
 90 35  13.5086
 90 40  13.8729
 90 45  14.1438
 90 50  14.3682
 90 55  14.551
 90 60  14.7133
 90 65  14.8492
 90 70  14.9613
 90 75  15.0496
 90 80  15.1072
 90 85  15.1289
 90 90  15.1384
 90 95  15.0923
 90 100  15.0239
 90 105  14.898
 90 110  14.72
 90 115  14.5279
 90 120  14.2823
 90 125  14.0055
 90 130  13.733
 90 135  13.3288
 90 140  12.922
 90 145  12.5478
 90 150  12.1134
 90 155  11.7059
 90 160  11.2929
 90 165  10.8939
 90 170  10.4996
 90 175  10.1099

 95 -180  9.88921
 95 -175  9.5091
 95 -170  9.11688
 95 -165  8.78436
 95 -160  8.46493
 95 -155  8.06872
 95 -150  7.77947
 95 -145  7.49396
 95 -140  7.17075
 95 -135  6.89442
 95 -130  6.63762
 95 -125  6.40924
 95 -120  6.23407
 95 -115  6.00735
 95 -110  5.78987
 95 -105  5.57457
 95 -100  5.34441
 95 -95  5.14689
 95 -90  4.96907
 95 -85  4.78607
 95 -80  4.65464
 95 -75  4.58021
 95 -70  4.59308
 95 -65  4.69513
 95 -60  4.84433
 95 -55  5.1445
 95 -50  5.5348
 95 -45  5.97551
 95 -40  6.50509
 95 -35  7.101
 95 -30  7.68552
 95 -25  8.26639
 95 -20  8.89535
 95 -15  9.46687
 95 -10  10.0389
 95 -5  10.6182
 95 0  11.141
 95 5  11.6644
 95 10  12.1543
 95 15  12.642
 95 20  13.0972
 95 25  13.5161
 95 30  13.9029
 95 35  14.2265
 95 40  14.5433
 95 45  14.7859
 95 50  14.9938
 95 55  15.1501
 95 60  15.2565
 95 65  15.3444
 95 70  15.4097
 95 75  15.446
 95 80  15.4378
 95 85  15.4285
 95 90  15.3974
 95 95  15.3176
 95 100  15.2261
 95 105  15.0859
 95 110  14.8883
 95 115  14.6692
 95 120  14.395
 95 125  14.1075
 95 130  13.8129
 95 135  13.4085
 95 140  13.0294
 95 145  12.6732
 95 150  12.2377
 95 155  11.8311
 95 160  11.4281
 95 165  11.0297
 95 170  10.6274
 95 175  10.2507

 100 -180  10.0997
 100 -175  9.74088
 100 -170  9.36248
 100 -165  9.02319
 100 -160  8.69762
 100 -155  8.31828
 100 -150  8.04769
 100 -145  7.79569
 100 -140  7.5076
 100 -135  7.25823
 100 -130  7.04097
 100 -125  6.84765
 100 -120  6.67171
 100 -115  6.46555
 100 -110  6.30705
 100 -105  6.1469
 100 -100  5.92833
 100 -95  5.78538
 100 -90  5.64491
 100 -85  5.52205
 100 -80  5.44163
 100 -75  5.37575
 100 -70  5.41942
 100 -65  5.52142
 100 -60  5.67526
 100 -55  5.97571
 100 -50  6.35691
 100 -45  6.79307
 100 -40  7.29527
 100 -35  7.87318
 100 -30  8.45111
 100 -25  9.00618
 100 -20  9.61156
 100 -15  10.1836
 100 -10  10.7407
 100 -5  11.2996
 100 0  11.8252
 100 5  12.3666
 100 10  12.8753
 100 15  13.3445
 100 20  13.8319
 100 25  14.2412
 100 30  14.588
 100 35  14.9251
 100 40  15.2029
 100 45  15.4162
 100 50  15.5994
 100 55  15.7049
 100 60  15.7741
 100 65  15.8309
 100 70  15.833
 100 75  15.8005
 100 80  15.7808
 100 85  15.7254
 100 90  15.6344
 100 95  15.5455
 100 100  15.4329
 100 105  15.2295
 100 110  15.0314
 100 115  14.795
 100 120  14.5099
 100 125  14.2226
 100 130  13.9084
 100 135  13.5032
 100 140  13.1373
 100 145  12.7651
 100 150  12.338
 100 155  11.9704
 100 160  11.5888
 100 165  11.1813
 100 170  10.794
 100 175  10.4292

 105 -180  10.2288
 105 -175  9.88641
 105 -170  9.53325
 105 -165  9.21394
 105 -160  8.90364
 105 -155  8.56881
 105 -150  8.292
 105 -145  8.07872
 105 -140  7.8245
 105 -135  7.57398
 105 -130  7.38184
 105 -125  7.20068
 105 -120  7.03136
 105 -115  6.89222
 105 -110  6.77151
 105 -105  6.65672
 105 -100  6.48428
 105 -95  6.39135
 105 -90  6.29859
 105 -85  6.19918
 105 -80  6.15761
 105 -75  6.13469
 105 -70  6.20226
 105 -65  6.31534
 105 -60  6.49709
 105 -55  6.77878
 105 -50  7.16442
 105 -45  7.60438
 105 -40  8.07433
 105 -35  8.61884
 105 -30  9.16514
 105 -25  9.70856
 105 -20  10.2855
 105 -15  10.849
 105 -10  11.3826
 105 -5  11.9356
 105 0  12.4924
 105 5  13.0401
 105 10  13.5698
 105 15  14.0221
 105 20  14.5247
 105 25  14.9438
 105 30  15.2866
 105 35  15.6232
 105 40  15.8451
 105 45  15.9927
 105 50  16.1333
 105 55  16.1801
 105 60  16.2072
 105 65  16.213
 105 70  16.154
 105 75  16.095
 105 80  16.0678
 105 85  15.9646
 105 90  15.8401
 105 95  15.7284
 105 100  15.6024
 105 105  15.3647
 105 110  15.1772
 105 115  14.9272
 105 120  14.6318
 105 125  14.3281
 105 130  13.9748
 105 135  13.5844
 105 140  13.2293
 105 145  12.8476
 105 150  12.4093
 105 155  12.0442
 105 160  11.6763
 105 165  11.2787
 105 170  10.9284
 105 175  10.5581

 110 -180  10.2672
 110 -175  9.95194
 110 -170  9.62883
 110 -165  9.32287
 110 -160  9.00861
 110 -155  8.71728
 110 -150  8.45572
 110 -145  8.27126
 110 -140  8.04838
 110 -135  7.80388
 110 -130  7.65805
 110 -125  7.50362
 110 -120  7.36084
 110 -115  7.25861
 110 -110  7.18007
 110 -105  7.11093
 110 -100  7.00116
 110 -95  6.93849
 110 -90  6.86865
 110 -85  6.81324
 110 -80  6.81056
 110 -75  6.82664
 110 -70  6.91187
 110 -65  7.0571
 110 -60  7.27443
 110 -55  7.54611
 110 -50  7.91027
 110 -45  8.32899
 110 -40  8.74673
 110 -35  9.26337
 110 -30  9.79421
 110 -25  10.3245
 110 -20  10.8677
 110 -15  11.4324
 110 -10  12.0077
 110 -5  12.5646
 110 0  13.1335
 110 5  13.6922
 110 10  14.2245
 110 15  14.6948
 110 20  15.1839
 110 25  15.5993
 110 30  15.9251
 110 35  16.2297
 110 40  16.4272
 110 45  16.5345
 110 50  16.6296
 110 55  16.6091
 110 60  16.5877
 110 65  16.5231
 110 70  16.4097
 110 75  16.3346
 110 80  16.266
 110 85  16.1291
 110 90  16.0005
 110 95  15.851
 110 100  15.6975
 110 105  15.4423
 110 110  15.2239
 110 115  14.9786
 110 120  14.66
 110 125  14.3334
 110 130  13.9632
 110 135  13.5775
 110 140  13.2305
 110 145  12.854
 110 150  12.4481
 110 155  12.0578
 110 160  11.663
 110 165  11.2587
 110 170  10.9351
 110 175  10.5928

 115 -180  10.2221
 115 -175  9.94404
 115 -170  9.64153
 115 -165  9.34662
 115 -160  9.06304
 115 -155  8.78619
 115 -150  8.5323
 115 -145  8.33911
 115 -140  8.14507
 115 -135  7.966
 115 -130  7.8511
 115 -125  7.72373
 115 -120  7.6296
 115 -115  7.55071
 115 -110  7.51009
 115 -105  7.45653
 115 -100  7.40912
 115 -95  7.40026
 115 -90  7.35415
 115 -85  7.31022
 115 -80  7.34789
 115 -75  7.42281
 115 -70  7.52585
 115 -65  7.66474
 115 -60  7.87549
 115 -55  8.15969
 115 -50  8.48965
 115 -45  8.91061
 115 -40  9.32867
 115 -35  9.81406
 115 -30  10.3101
 115 -25  10.8584
 115 -20  11.3967
 115 -15  11.9492
 115 -10  12.5293
 115 -5  13.096
 115 0  13.6768
 115 5  14.2625
 115 10  14.8042
 115 15  15.3107
 115 20  15.7838
 115 25  16.1886
 115 30  16.5103
 115 35  16.7658
 115 40  16.8924
 115 45  16.9411
 115 50  16.9782
 115 55  16.8834
 115 60  16.805
 115 65  16.7009
 115 70  16.5673
 115 75  16.4795
 115 80  16.3769
 115 85  16.2156
 115 90  16.0538
 115 95  15.883
 115 100  15.7039
 115 105  15.4434
 115 110  15.2071
 115 115  14.964
 115 120  14.6362
 115 125  14.2953
 115 130  13.93
 115 135  13.5577
 115 140  13.1767
 115 145  12.7582
 115 150  12.3614
 115 155  11.9744
 115 160  11.6221
 115 165  11.2304
 115 170  10.8849
 115 175  10.5417

 120 -180  10.091
 120 -175  9.82328
 120 -170  9.54439
 120 -165  9.26369
 120 -160  8.99161
 120 -155  8.7523
 120 -150  8.51888
 120 -145  8.34385
 120 -140  8.17451
 120 -135  8.05722
 120 -130  7.98125
 120 -125  7.88957
 120 -120  7.8244
 120 -115  7.75779
 120 -110  7.75653
 120 -105  7.73969
 120 -100  7.73662
 120 -95  7.75028
 120 -90  7.75625
 120 -85  7.74421
 120 -80  7.81042
 120 -75  7.89969
 120 -70  8.01113
 120 -65  8.17403
 120 -60  8.36399
 120 -55  8.66447
 120 -50  8.98693
 120 -45  9.37726
 120 -40  9.80047
 120 -35  10.2762
 120 -30  10.7497
 120 -25  11.2951
 120 -20  11.8422
 120 -15  12.3938
 120 -10  12.9738
 120 -5  13.5733
 120 0  14.1625
 120 5  14.7589
 120 10  15.34
 120 15  15.8825
 120 20  16.3388
 120 25  16.7038
 120 30  16.9881
 120 35  17.1688
 120 40  17.2468
 120 45  17.2515
 120 50  17.1901
 120 55  17.0396
 120 60  16.9076
 120 65  16.7791
 120 70  16.6194
 120 75  16.49
 120 80  16.3343
 120 85  16.161
 120 90  15.9807
 120 95  15.7968
 120 100  15.5992
 120 105  15.3435
 120 110  15.0788
 120 115  14.8392
 120 120  14.5065
 120 125  14.1672
 120 130  13.7782
 120 135  13.3987
 120 140  13.0129
 120 145  12.5762
 120 150  12.176
 120 155  11.7806
 120 160  11.4225
 120 165  11.0386
 120 170  10.7083
 120 175  10.3939

 125 -180  9.79508
 125 -175  9.53992
 125 -170  9.2865
 125 -165  9.05109
 125 -160  8.8132
 125 -155  8.62806
 125 -150  8.44878
 125 -145  8.30712
 125 -140  8.15591
 125 -135  8.07796
 125 -130  8.0108
 125 -125  7.93305
 125 -120  7.90195
 125 -115  7.86641
 125 -110  7.89179
 125 -105  7.90974
 125 -100  7.94978
 125 -95  7.99298
 125 -90  8.02863
 125 -85  8.03653
 125 -80  8.11932
 125 -75  8.22529
 125 -70  8.34942
 125 -65  8.56269
 125 -60  8.7308
 125 -55  9.01357
 125 -50  9.34508
 125 -45  9.70736
 125 -40  10.1209
 125 -35  10.5829
 125 -30  11.073
 125 -25  11.6111
 125 -20  12.1709
 125 -15  12.7491
 125 -10  13.3508
 125 -5  13.97
 125 0  14.5931
 125 5  15.1956
 125 10  15.7891
 125 15  16.3249
 125 20  16.7559
 125 25  17.0896
 125 30  17.3307
 125 35  17.4556
 125 40  17.4876
 125 45  17.4128
 125 50  17.243
 125 55  17.0469
 125 60  16.8796
 125 65  16.695
 125 70  16.4975
 125 75  16.3352
 125 80  16.1664
 125 85  16.0022
 125 90  15.8262
 125 95  15.6204
 125 100  15.3998
 125 105  15.1404
 125 110  14.8496
 125 115  14.5885
 125 120  14.2324
 125 125  13.8846
 125 130  13.498
 125 135  13.1078
 125 140  12.7112
 125 145  12.2974
 125 150  11.8844
 125 155  11.4802
 125 160  11.108
 125 165  10.7214
 125 170  10.3947
 125 175  10.0921

 130 -180  9.40541
 130 -175  9.16361
 130 -170  8.93353
 130 -165  8.74587
 130 -160  8.51627
 130 -155  8.36512
 130 -150  8.21201
 130 -145  8.11171
 130 -140  8.00192
 130 -135  7.97063
 130 -130  7.93832
 130 -125  7.90461
 130 -120  7.91893
 130 -115  7.91852
 130 -110  7.93173
 130 -105  7.96083
 130 -100  8.02206
 130 -95  8.08369
 130 -90  8.14812
 130 -85  8.19459
 130 -80  8.30981
 130 -75  8.43163
 130 -70  8.5695
 130 -65  8.78083
 130 -60  8.95588
 130 -55  9.22979
 130 -50  9.54662
 130 -45  9.89642
 130 -40  10.3137
 130 -35  10.7831
 130 -30  11.2801
 130 -25  11.8082
 130 -20  12.3781
 130 -15  12.9695
 130 -10  13.5933
 130 -5  14.2279
 130 0  14.897
 130 5  15.5208
 130 10  16.1005
 130 15  16.6419
 130 20  17.0791
 130 25  17.3876
 130 30  17.5316
 130 35  17.5461
 130 40  17.4834
 130 45  17.3478
 130 50  17.1218
 130 55  16.9045
 130 60  16.7023
 130 65  16.4715
 130 70  16.2655
 130 75  16.0659
 130 80  15.8808
 130 85  15.7008
 130 90  15.5142
 130 95  15.288
 130 100  15.0681
 130 105  14.8223
 130 110  14.517
 130 115  14.2134
 130 120  13.8667
 130 125  13.495
 130 130  13.0823
 130 135  12.689
 130 140  12.2863
 130 145  11.8913
 130 150  11.4589
 130 155  11.0567
 130 160  10.6765
 130 165  10.3002
 130 170  9.96066
 130 175  9.67676

 135 -180  8.87776
 135 -175  8.67639
 135 -170  8.46403
 135 -165  8.33004
 135 -160  8.15804
 135 -155  8.04584
 135 -150  7.92481
 135 -145  7.87808
 135 -140  7.79249
 135 -135  7.77456
 135 -130  7.77699
 135 -125  7.77297
 135 -120  7.81935
 135 -115  7.86766
 135 -110  7.9157
 135 -105  7.9763
 135 -100  8.04674
 135 -95  8.11172
 135 -90  8.19676
 135 -85  8.26547
 135 -80  8.39915
 135 -75  8.50752
 135 -70  8.64792
 135 -65  8.84041
 135 -60  9.03884
 135 -55  9.32939
 135 -50  9.65238
 135 -45  9.99304
 135 -40  10.3913
 135 -35  10.8467
 135 -30  11.3578
 135 -25  11.8807
 135 -20  12.4631
 135 -15  13.0687
 135 -10  13.7198
 135 -5  14.3761
 135 0  15.0625
 135 5  15.7242
 135 10  16.3344
 135 15  16.8471
 135 20  17.2487
 135 25  17.4918
 135 30  17.5486
 135 35  17.5017
 135 40  17.3297
 135 45  17.0994
 135 50  16.7978
 135 55  16.5627
 135 60  16.3394
 135 65  16.0761
 135 70  15.8604
 135 75  15.6676
 135 80  15.4786
 135 85  15.2814
 135 90  15.0814
 135 95  14.8387
 135 100  14.605
 135 105  14.3556
 135 110  14.0408
 135 115  13.7009
 135 120  13.3632
 135 125  12.9782
 135 130  12.5468
 135 135  12.1624
 135 140  11.7505
 135 145  11.3243
 135 150  10.8763
 135 155  10.477
 135 160  10.0802
 135 165  9.73857
 135 170  9.40374
 135 175  9.12035

 140 -180  8.2689
 140 -175  8.08248
 140 -170  7.9109
 140 -165  7.82324
 140 -160  7.72462
 140 -155  7.61909
 140 -150  7.56808
 140 -145  7.55713
 140 -140  7.50594
 140 -135  7.5017
 140 -130  7.53387
 140 -125  7.55931
 140 -120  7.62394
 140 -115  7.70012
 140 -110  7.76751
 140 -105  7.85755
 140 -100  7.94509
 140 -95  8.0284
 140 -90  8.12177
 140 -85  8.21534
 140 -80  8.35373
 140 -75  8.49753
 140 -70  8.65093
 140 -65  8.81847
 140 -60  9.03295
 140 -55  9.29312
 140 -50  9.59051
 140 -45  9.92898
 140 -40  10.3197
 140 -35  10.7648
 140 -30  11.2779
 140 -25  11.8193
 140 -20  12.4302
 140 -15  13.0876
 140 -10  13.7767
 140 -5  14.4432
 140 0  15.1221
 140 5  15.8122
 140 10  16.417
 140 15  16.8891
 140 20  17.244
 140 25  17.3976
 140 30  17.3242
 140 35  17.2003
 140 40  16.9469
 140 45  16.6284
 140 50  16.2891
 140 55  16.0343
 140 60  15.7884
 140 65  15.54
 140 70  15.3198
 140 75  15.1308
 140 80  14.9194
 140 85  14.7197
 140 90  14.5332
 140 95  14.2779
 140 100  14.0373
 140 105  13.77
 140 110  13.4316
 140 115  13.0896
 140 120  12.7507
 140 125  12.3454
 140 130  11.9271
 140 135  11.5237
 140 140  11.0867
 140 145  10.6667
 140 150  10.2319
 140 155  9.81902
 140 160  9.39786
 140 165  9.06126
 140 170  8.75524
 140 175  8.49458

 145 -180  7.5443
 145 -175  7.39723
 145 -170  7.28227
 145 -165  7.23604
 145 -160  7.1904
 145 -155  7.11534
 145 -150  7.12711
 145 -145  7.14251
 145 -140  7.13451
 145 -135  7.1535
 145 -130  7.20344
 145 -125  7.27058
 145 -120  7.35013
 145 -115  7.43144
 145 -110  7.52073
 145 -105  7.65345
 145 -100  7.74072
 145 -95  7.83108
 145 -90  7.95131
 145 -85  8.05979
 145 -80  8.18908
 145 -75  8.32693
 145 -70  8.46814
 145 -65  8.62831
 145 -60  8.86432
 145 -55  9.11346
 145 -50  9.39102
 145 -45  9.74512
 145 -40  10.1544
 145 -35  10.6298
 145 -30  11.1394
 145 -25  11.7111
 145 -20  12.326
 145 -15  12.9958
 145 -10  13.6833
 145 -5  14.3809
 145 0  15.0664
 145 5  15.7543
 145 10  16.3262
 145 15  16.7564
 145 20  17.0311
 145 25  17.088
 145 30  16.8968
 145 35  16.6885
 145 40  16.385
 145 45  16.0165
 145 50  15.6659
 145 55  15.3935
 145 60  15.1218
 145 65  14.8732
 145 70  14.6348
 145 75  14.4514
 145 80  14.2417
 145 85  14.0531
 145 90  13.8559
 145 95  13.5677
 145 100  13.3451
 145 105  13.0825
 145 110  12.7135
 145 115  12.3639
 145 120  11.9966
 145 125  11.5946
 145 130  11.1983
 145 135  10.7572
 145 140  10.2846
 145 145  9.87163
 145 150  9.44115
 145 155  9.03076
 145 160  8.61624
 145 165  8.27839
 145 170  7.99164
 145 175  7.74918

 150 -180  6.80053
 150 -175  6.70006
 150 -170  6.60753
 150 -165  6.5718
 150 -160  6.56687
 150 -155  6.5549
 150 -150  6.62208
 150 -145  6.63034
 150 -140  6.68316
 150 -135  6.76845
 150 -130  6.86158
 150 -125  6.94818
 150 -120  7.01787
 150 -115  7.11225
 150 -110  7.22389
 150 -105  7.38347
 150 -100  7.48395
 150 -95  7.59431
 150 -90  7.71881
 150 -85  7.8231
 150 -80  7.91076
 150 -75  8.05146
 150 -70  8.21254
 150 -65  8.37967
 150 -60  8.60528
 150 -55  8.8452
 150 -50  9.10568
 150 -45  9.47415
 150 -40  9.88675
 150 -35  10.3662
 150 -30  10.8698
 150 -25  11.4514
 150 -20  12.0823
 150 -15  12.7815
 150 -10  13.4764
 150 -5  14.1861
 150 0  14.9074
 150 5  15.5906
 150 10  16.1208
 150 15  16.446
 150 20  16.577
 150 25  16.5064
 150 30  16.2325
 150 35  15.9377
 150 40  15.5988
 150 45  15.2232
 150 50  14.8727
 150 55  14.5937
 150 60  14.328
 150 65  14.0842
 150 70  13.8399
 150 75  13.6586
 150 80  13.4592
 150 85  13.2883
 150 90  13.0846
 150 95  12.7871
 150 100  12.5335
 150 105  12.2439
 150 110  11.8835
 150 115  11.5409
 150 120  11.1498
 150 125  10.7544
 150 130  10.336
 150 135  9.89636
 150 140  9.41548
 150 145  8.99852
 150 150  8.56864
 150 155  8.16126
 150 160  7.78311
 150 165  7.4533
 150 170  7.17349
 150 175  6.96064

 155 -180  5.9989
 155 -175  5.923
 155 -170  5.88809
 155 -165  5.86265
 155 -160  5.89829
 155 -155  5.94254
 155 -150  6.05278
 155 -145  6.09564
 155 -140  6.19923
 155 -135  6.31195
 155 -130  6.40321
 155 -125  6.50594
 155 -120  6.62572
 155 -115  6.75003
 155 -110  6.87018
 155 -105  7.0258
 155 -100  7.12594
 155 -95  7.2397
 155 -90  7.37819
 155 -85  7.47742
 155 -80  7.57249
 155 -75  7.70978
 155 -70  7.8455
 155 -65  7.99877
 155 -60  8.21505
 155 -55  8.45127
 155 -50  8.71522
 155 -45  9.08939
 155 -40  9.49666
 155 -35  10.002
 155 -30  10.5126
 155 -25  11.1272
 155 -20  11.8141
 155 -15  12.5214
 155 -10  13.2191
 155 -5  13.9335
 155 0  14.6364
 155 5  15.2412
 155 10  15.6856
 155 15  15.9047
 155 20  15.892
 155 25  15.6804
 155 30  15.3547
 155 35  15.0273
 155 40  14.6836
 155 45  14.3236
 155 50  13.9964
 155 55  13.7192
 155 60  13.4734
 155 65  13.2407
 155 70  12.9996
 155 75  12.8037
 155 80  12.6236
 155 85  12.4489
 155 90  12.2212
 155 95  11.9274
 155 100  11.6601
 155 105  11.3464
 155 110  10.9962
 155 115  10.6478
 155 120  10.2496
 155 125  9.85745
 155 130  9.42167
 155 135  8.9911
 155 140  8.49376
 155 145  8.07652
 155 150  7.65995
 155 155  7.26603
 155 160  6.90763
 155 165  6.58417
 155 170  6.32368
 155 175  6.13338

 160 -180  5.15419
 160 -175  5.09186
 160 -170  5.11874
 160 -165  5.15226
 160 -160  5.23741
 160 -155  5.32057
 160 -150  5.40046
 160 -145  5.52969
 160 -140  5.68143
 160 -135  5.81415
 160 -130  5.94334
 160 -125  6.07679
 160 -120  6.21931
 160 -115  6.33869
 160 -110  6.46091
 160 -105  6.60026
 160 -100  6.71155
 160 -95  6.82986
 160 -90  6.97262
 160 -85  7.06335
 160 -80  7.17369
 160 -75  7.28792
 160 -70  7.42564
 160 -65  7.5986
 160 -60  7.78889
 160 -55  8.00497
 160 -50  8.29532
 160 -45  8.65678
 160 -40  9.0605
 160 -35  9.56953
 160 -30  10.1068
 160 -25  10.7476
 160 -20  11.4435
 160 -15  12.1554
 160 -10  12.8634
 160 -5  13.5732
 160 0  14.2253
 160 5  14.7561
 160 10  15.073
 160 15  15.1716
 160 20  15.0401
 160 25  14.7528
 160 30  14.3901
 160 35  14.0305
 160 40  13.69
 160 45  13.358
 160 50  13.0369
 160 55  12.7654
 160 60  12.5414
 160 65  12.3144
 160 70  12.0878
 160 75  11.9009
 160 80  11.719
 160 85  11.4988
 160 90  11.2727
 160 95  11.0134
 160 100  10.7105
 160 105  10.4065
 160 110  10.0466
 160 115  9.68697
 160 120  9.29791
 160 125  8.90016
 160 130  8.46098
 160 135  8.03457
 160 140  7.56058
 160 145  7.14451
 160 150  6.71979
 160 155  6.33061
 160 160  5.99621
 160 165  5.70213
 160 170  5.44348
 160 175  5.26393

 165 -180  4.36451
 165 -175  4.32316
 165 -170  4.36385
 165 -165  4.42375
 165 -160  4.55395
 165 -155  4.69886
 165 -150  4.7981
 165 -145  4.96578
 165 -140  5.12221
 165 -135  5.27909
 165 -130  5.44366
 165 -125  5.6008
 165 -120  5.74987
 165 -115  5.89369
 165 -110  6.02836
 165 -105  6.14387
 165 -100  6.26153
 165 -95  6.37477
 165 -90  6.49558
 165 -85  6.60323
 165 -80  6.71451
 165 -75  6.81581
 165 -70  6.93375
 165 -65  7.10462
 165 -60  7.31029
 165 -55  7.53636
 165 -50  7.82317
 165 -45  8.17115
 165 -40  8.58943
 165 -35  9.12089
 165 -30  9.66362
 165 -25  10.3035
 165 -20  10.9964
 165 -15  11.6975
 165 -10  12.4263
 165 -5  13.1439
 165 0  13.7141
 165 5  14.117
 165 10  14.2906
 165 15  14.2451
 165 20  14.0141
 165 25  13.6989
 165 30  13.3243
 165 35  12.9513
 165 40  12.6019
 165 45  12.2958
 165 50  11.9938
 165 55  11.7604
 165 60  11.558
 165 65  11.3703
 165 70  11.1572
 165 75  10.9661
 165 80  10.7731
 165 85  10.5592
 165 90  10.3446
 165 95  10.0759
 165 100  9.75483
 165 105  9.44499
 165 110  9.08481
 165 115  8.72214
 165 120  8.3133
 165 125  7.9137
 165 130  7.48101
 165 135  7.06798
 165 140  6.62123
 165 145  6.19194
 165 150  5.78078
 165 155  5.40915
 165 160  5.08178
 165 165  4.81639
 165 170  4.57574
 165 175  4.41615

 170 -180  3.5807
 170 -175  3.56731
 170 -170  3.65482
 170 -165  3.74327
 170 -160  3.87901
 170 -155  4.03385
 170 -150  4.1787
 170 -145  4.38007
 170 -140  4.56278
 170 -135  4.73128
 170 -130  4.9027
 170 -125  5.06675
 170 -120  5.21047
 170 -115  5.3796
 170 -110  5.52993
 170 -105  5.66335
 170 -100  5.79497
 170 -95  5.91062
 170 -90  6.01053
 170 -85  6.11846
 170 -80  6.22811
 170 -75  6.32058
 170 -70  6.42982
 170 -65  6.58557
 170 -60  6.76433
 170 -55  6.98392
 170 -50  7.2959
 170 -45  7.66161
 170 -40  8.08573
 170 -35  8.61953
 170 -30  9.18466
 170 -25  9.84721
 170 -20  10.5621
 170 -15  11.2385
 170 -10  11.9287
 170 -5  12.575
 170 0  13.0543
 170 5  13.336
 170 10  13.3883
 170 15  13.2344
 170 20  12.9454
 170 25  12.6011
 170 30  12.2087
 170 35  11.8671
 170 40  11.5496
 170 45  11.2574
 170 50  10.9746
 170 55  10.7546
 170 60  10.5777
 170 65  10.4192
 170 70  10.2279
 170 75  10.0328
 170 80  9.83736
 170 85  9.61035
 170 90  9.3699
 170 95  9.1088
 170 100  8.8113
 170 105  8.5066
 170 110  8.13467
 170 115  7.77439
 170 120  7.36715
 170 125  6.95929
 170 130  6.53691
 170 135  6.13917
 170 140  5.71859
 170 145  5.30766
 170 150  4.90046
 170 155  4.53447
 170 160  4.20587
 170 165  3.98926
 170 170  3.78215
 170 175  3.63036

 175 -180  2.87217
 175 -175  2.87619
 175 -170  2.96766
 175 -165  3.10208
 175 -160  3.26093
 175 -155  3.42242
 175 -150  3.58358
 175 -145  3.77804
 175 -140  4.01234
 175 -135  4.2059
 175 -130  4.36712
 175 -125  4.55754
 175 -120  4.7034
 175 -115  4.87681
 175 -110  5.02554
 175 -105  5.1746
 175 -100  5.30092
 175 -95  5.43387
 175 -90  5.54097
 175 -85  5.63898
 175 -80  5.73537
 175 -75  5.82482
 175 -70  5.93988
 175 -65  6.11233
 175 -60  6.2886
 175 -55  6.48962
 175 -50  6.81526
 175 -45  7.18858
 175 -40  7.60014
 175 -35  8.1268
 175 -30  8.72581
 175 -25  9.39675
 175 -20  10.0635
 175 -15  10.752
 175 -10  11.3934
 175 -5  11.9574
 175 0  12.3173
 175 5  12.4554
 175 10  12.3911
 175 15  12.1661
 175 20  11.8514
 175 25  11.5174
 175 30  11.1483
 175 35  10.8327
 175 40  10.5231
 175 45  10.2495
 175 50  10.0096
 175 55  9.81636
 175 60  9.64238
 175 65  9.45611
 175 70  9.2678
 175 75  9.07535
 175 80  8.89194
 175 85  8.68905
 175 90  8.44473
 175 95  8.18566
 175 100  7.88672
 175 105  7.57928
 175 110  7.2058
 175 115  6.84664
 175 120  6.45538
 175 125  6.04528
 175 130  5.63866
 175 135  5.24253
 175 140  4.82776
 175 145  4.43465
 175 150  4.03771
 175 155  3.70962
 175 160  3.41569
 175 165  3.19851
 175 170  3.02618
 175 175  2.91614
